tree
version=v3
num_class=1
num_tree_per_iteration=1
label_index=0
max_feature_idx=4
objective=regression
feature_names=price region year-month year month
monotone_constraints=-1 0 0 0 0
feature_infos=[0.46000000000000002:2.2200000000000002] -1:0:1:2:3:4:5:6:7:8:9:10:11:12:13:14:15:16:17:18 [201501:201712] [2015:2017] -1:0:4:6:9:2:3:7:10:11:1:5:8
tree_sizes=813 712 812 784 742 728 729 712 801 810 804 813 803 834 812 707 825 640 736 571 733 805 823 829 806 799 823 751 735 799 738 785 739 822 748 794 822 793 806 814 823 830 734 836 820 842 749 647 741 835 813 797 828 789 829 826 817 841 817 646 832 815 809 822 811 745 812 716 821 758 822 765 741 758 831 790 812 840 741 823 828 798 741 795 731 796 755 794 830 788 818 793 810 835 731 747 825 720 828 741

Tree=0
num_leaves=8
num_cat=0
split_feature=0 0 0 3 3 0 0
split_gain=7.62486e+13 9.46874e+12 3.63949e+12 3.89229e+12 2.38708e+12 1.38615e+12 4.92722e+11
threshold=0.90500000000000014 0.71500000000000008 1.0350000000000004 2015.5000000000002 2016.5000000000002 0.6150000000000001 1.8550000000000002
decision_type=2 2 2 2 2 2 2
left_child=1 5 3 -2 -3 -1 -4
right_child=2 4 6 -5 -6 -7 -8
leaf_value=923407.94488172606 680940.84847568371 777717.98902649421 680940.84847568371 740057.22944299807 832404.08155836072 860449.75144555222 647057.25100534654
leaf_weight=53 155 350 1727 251 110 119 45
leaf_count=53 155 350 1727 251 110 119 45
internal_value=716467 815031 687277 714931 790795 879850 680941
internal_weight=0 632 2178 406 460 172 1772
internal_count=2810 632 2178 406 460 172 1772
is_linear=0
shrinkage=1


Tree=1
num_leaves=7
num_cat=6
split_feature=1 1 1 1 4 4
split_gain=1.33892e+14 3.56613e+13 5.93041e+12 5.57328e+12 2.73931e+12 4.29035e+11
threshold=0 1 2 3 4 5
decision_type=1 1 1 1 1 1
left_child=3 4 -3 -1 -2 -5
right_child=1 2 -4 5 -6 -7
leaf_value=199427.25501538126 40715.761873102281 -38358.092327952916 -82710.981704569887 66334.877071094146 1140.0129844235867 122569.91564788789
leaf_weight=151 372 586 898 114 365 324
leaf_count=151 372 586 898 114 365 324
internal_value=0 -36746.8 -65570.9 135679 21393.5 109741
internal_weight=0 2221 1484 589 737 438
internal_count=2810 2221 1484 589 737 438
cat_boundaries=0 1 2 3 4 5 6
cat_threshold=2384 294954 69764 256 123 3584
is_linear=0
shrinkage=0.323813


Tree=2
num_leaves=8
num_cat=4
split_feature=1 1 1 1 3 3 3
split_gain=6.35665e+13 1.65531e+13 3.56976e+12 2.84428e+12 8.89738e+11 8.92608e+10 9.36379e+09
threshold=0 1 2 3 2016.5000000000002 2015.5000000000002 2016.5000000000002
decision_type=1 1 1 1 2 2 2
left_child=3 5 -3 6 -5 -2 -1
right_child=1 2 -4 4 -6 -7 -8
leaf_value=149905.2720247056 9702.0900476944717 -64364.045098152201 -30578.805601392054 66923.096370803003 97830.161298917097 17314.90636204648 144538.60385027385
leaf_weight=99 239 601 883 291 147 498 52
leaf_count=99 239 601 883 291 147 498 52
internal_value=0 -24962.7 -44600.6 93843.5 75570.7 14647.4 138861
internal_weight=0 2221 1484 589 438 737 151
internal_count=2810 2221 1484 589 438 737 151
cat_boundaries=0 1 2 3 4
cat_threshold=2384 294954 140800 256
is_linear=0
shrinkage=0.323813


Tree=3
num_leaves=8
num_cat=7
split_feature=1 1 4 4 4 1 1
split_gain=2.88537e+13 7.74476e+12 2.51805e+12 2.00236e+12 1.18453e+12 8.56015e+11 4.38573e+10
threshold=0 1 2 3 4 5 6
decision_type=1 1 1 1 1 1 1
left_child=3 2 -2 6 -3 -5 -1
right_child=1 4 -4 5 -6 -7 -8
leaf_value=102527.96090670113 -18931.684335142076 -19079.156054631687 14715.494547460146 58693.22075617814 -42612.070354055781 19041.864165180901 59331.066102231656
leaf_weight=148 343 393 679 144 796 146 144
leaf_count=148 343 393 679 144 796 146 144
internal_value=0 -17369.7 3348.93 63083.9 -35057.7 40031 83895.4
internal_weight=0 2211 1022 582 1189 290 292
internal_count=2793 2211 1022 582 1189 290 292
cat_boundaries=0 1 2 3 4 5 6 7
cat_threshold=2384 364586 3840 126 114 272 272
is_linear=0
shrinkage=0.323813


Tree=4
num_leaves=7
num_cat=3
split_feature=4 4 3 3 3 4
split_gain=3.7235e+12 1.67198e+12 8.40759e+11 6.21807e+11 1.25532e+11 9.30002e+10
threshold=0 1 2015.5000000000002 2015.5000000000002 2016.5000000000002 2
decision_type=1 1 2 2 2 1
left_child=3 4 -3 -1 -2 -5
right_child=1 2 -4 5 -6 -7
leaf_value=7265.4812082887374 -27268.062392384421 -12338.817457850544 3358.5135137702814 31946.250776263783 -16192.354129121049 16370.035335944349
leaf_weight=228 330 530 1101 303 159 142
leaf_count=228 330 530 1101 303 159 142
internal_value=0 -6767.56 -1731.78 20708.6 -23192.5 28061.6
internal_weight=0 2120 1631 673 489 445
internal_count=2793 2120 1631 673 489 445
cat_boundaries=0 1 2 3
cat_threshold=50 1536 18
is_linear=0
shrinkage=0.323813


Tree=5
num_leaves=7
num_cat=3
split_feature=1 1 0 0 0 1
split_gain=1.43989e+13 5.20552e+12 2.49212e+12 1.44298e+12 6.28365e+11 5.516e+11
threshold=0 1 1.0550000000000004 1.4650000000000001 1.655 2
decision_type=1 1 2 2 2 1
left_child=4 3 -3 -2 5 -1
right_child=1 2 -4 -5 -6 -7
leaf_value=80785.813976606863 16357.27363695953 -1707.2353695308307 -30629.423274184552 -16363.761835185172 6819.6787789809914 44053.805913362972
leaf_weight=119 701 448 1032 177 27 289
leaf_count=119 701 448 1032 177 27 289
internal_value=0 -10052.5 -21727.8 9650.97 53432.8 57827.1
internal_weight=0 2358 1480 878 435 408
internal_count=2793 2358 1480 878 435 408
cat_boundaries=0 1 2 3
cat_threshold=336 297002 256
is_linear=0
shrinkage=0.323813


Tree=6
num_leaves=7
num_cat=0
split_feature=0 0 3 3 0 0
split_gain=4.43378e+12 1.88988e+12 1.12138e+12 7.16968e+11 4.00315e+11 3.51862e+11
threshold=0.77500000000000013 1.155 2016.5000000000002 2015.5000000000002 1.7650000000000003 0.6150000000000001
decision_type=2 2 2 2 2 2
left_child=3 2 -2 -1 -3 -5
right_child=1 4 -4 5 -6 -7
leaf_value=15339.732211254604 -94.202261746026139 -11088.68907059688 23950.18669656364 78589.711099206543 -32915.714296196318 41708.466320289888
leaf_weight=113 934 1214 260 32 95 178
leaf_count=113 934 1214 260 32 95 178
internal_value=0 -4174.83 5141.59 36137.4 -12672.8 47328.5
internal_weight=0 2503 1194 323 1309 210
internal_count=2826 2503 1194 323 1309 210
is_linear=0
shrinkage=0.323813


Tree=7
num_leaves=7
num_cat=6
split_feature=1 1 1 4 4 1
split_gain=6.77722e+12 1.30147e+12 1.16872e+12 5.4816e+11 3.86697e+11 3.81876e+11
threshold=0 1 2 3 4 5
decision_type=1 1 1 1 1 1
left_child=2 3 -1 -2 -4 -3
right_child=1 5 4 -5 -6 -7
leaf_value=49788.229111547385 10086.425621605073 -28492.768240541369 28628.065805532937 -6873.0894458202401 12018.643634996308 -13856.772408995304
leaf_weight=146 287 297 242 602 509 743
leaf_count=146 287 297 242 602 509 743
internal_value=0 -10516.8 23394.6 -1346.68 17676.7 -18268
internal_weight=0 1929 897 889 751 1040
internal_count=2826 1929 897 889 751 1040
cat_boundaries=0 1 2 3 4 5 6
cat_threshold=33114 329892 256 58 58 131584
is_linear=0
shrinkage=0.323813


Tree=8
num_leaves=8
num_cat=5
split_feature=4 3 4 4 4 3 4
split_gain=1.12028e+12 6.17753e+11 2.69566e+11 2.47086e+11 6.76926e+10 1.2823e+11 1.78694e+10
threshold=0 2015.5000000000002 1 2 3 2016.5000000000002 4
decision_type=1 2 1 1 1 2 1
left_child=4 3 -3 -2 5 -1 -6
right_child=1 2 -4 -5 6 -7 -8
leaf_value=-19821.151467145082 2892.222402162578 13625.570418398227 3988.935364103017 -9782.7507076455622 -3995.0234534148376 -3394.7263705632608 -8294.0857540407396
leaf_weight=157 319 629 636 312 216 73 484
leaf_count=157 319 629 636 312 216 73 484
internal_value=0 4766.57 8919.84 -3484.16 -8893.5 -13998.9 -7042.47
internal_weight=0 1896 1265 631 930 230 700
internal_count=2826 1896 1265 631 930 230 700
cat_boundaries=0 1 2 3 4 5
cat_threshold=3840 51 240 1024 256
is_linear=0
shrinkage=0.323813


Tree=9
num_leaves=8
num_cat=5
split_feature=1 0 1 0 1 1 1
split_gain=3.33567e+12 1.48316e+12 8.12729e+11 7.23523e+11 5.65688e+11 3.81164e+11 1.71419e+11
threshold=0 1.1450000000000002 1 1.1050000000000002 2 3 4
decision_type=1 2 1 2 1 1 1
left_child=1 2 -1 4 -2 -3 -5
right_child=3 5 -4 6 -6 -7 -8
leaf_value=38780.265983701807 17289.008711630497 13911.862496866086 13911.862496866086 -27552.273072666336 -6742.4809018578208 -3097.0331108363807 -13895.928472328138
leaf_weight=217 115 123 467 145 573 517 666
leaf_count=217 115 123 467 145 573 517 666
internal_value=0 11997.6 22571.8 -10228 -2572.3 883.968 -16848.6
internal_weight=0 1324 684 1499 688 640 811
internal_count=2823 1324 684 1499 688 640 811
cat_boundaries=0 1 2 3 4 5
cat_threshold=35198 33042 65664 256 135168
is_linear=0
shrinkage=0.323813


Tree=10
num_leaves=8
num_cat=5
split_feature=4 3 4 3 4 4 4
split_gain=5.81233e+11 1.70603e+11 1.83756e+11 1.34592e+11 1.51807e+11 1.21072e+11 9.04513e+10
threshold=0 2016.5000000000002 1 2015.5000000000002 2 3 4
decision_type=1 2 1 2 1 1 1
left_child=1 2 -1 4 -2 -5 -3
right_child=3 6 -4 5 -6 -7 -8
leaf_value=6652.5940787647842 -17450.984837790736 16899.093293078859 -2323.7144631319688 1344.4826140122129 -4519.918595533899 -5906.4615282094655 6343.0384523810135
leaf_weight=493 142 138 451 491 323 463 322
leaf_count=493 142 138 451 491 323 463 322
internal_value=0 4867.03 2409.98 -4393.18 -8941.25 -2222.4 10015.1
internal_weight=0 1404 944 1419 465 954 460
internal_count=2823 1404 944 1419 465 954 460
cat_boundaries=0 1 2 3 4 5
cat_threshold=250 176 2049 2053 18
is_linear=0
shrinkage=0.323813


Tree=11
num_leaves=8
num_cat=4
split_feature=1 1 1 1 3 3 3
split_gain=1.70606e+12 4.24477e+11 3.90969e+11 2.1939e+11 1.36419e+11 9.66635e+10 1.16879e+09
threshold=0 1 2 3 2015.5000000000002 2016.5000000000002 2016.5000000000002
decision_type=1 1 1 1 2 2 2
left_child=2 4 6 -3 -2 -4 -1
right_child=1 3 5 -5 -6 -7 -8
leaf_value=29485.497765280415 -4892.5092484146071 -19890.188650511089 6496.1028981910413 -6723.693459707114 3616.6691962516975 15255.89890994435 31440.294453925995
leaf_weight=101 296 153 389 1043 594 200 47
leaf_count=101 296 153 389 1043 594 200 47
internal_value=0 -4590.66 13432.3 -8559 777.91 9312.46 28200.8
internal_weight=0 2086 737 1196 890 589 148
internal_count=2823 2086 737 1196 890 589 148
cat_boundaries=0 1 2 3 4
cat_threshold=33106 6316 256 131072
is_linear=0
shrinkage=0.323813


Tree=12
num_leaves=8
num_cat=5
split_feature=1 1 1 3 1 1 3
split_gain=8.71676e+11 2.41869e+11 1.83845e+11 1.55086e+11 3.35315e+10 2.11483e+10 1.28575e+10
threshold=0 1 2 2015.5000000000002 3 4 2015.5000000000002
decision_type=1 1 1 2 1 1 2
left_child=1 6 5 -4 -3 -2 -1
right_child=2 4 3 -5 -6 -7 -8
leaf_value=26435.085398293995 -7011.4642195001006 8946.2332952764336 -6552.5064228431966 493.73881244453412 4094.024722497752 -13203.311567833849 19909.487356229387
leaf_weight=47 292 290 488 996 446 147 97
leaf_count=47 292 290 488 996 446 147 97
internal_value=0 8679.12 -3567.64 -1811.15 6100.19 -9332.7 20608.2
internal_weight=0 880 1923 1484 736 439 144
internal_count=2803 880 1923 1484 736 439 144
cat_boundaries=0 1 2 3 4 5
cat_threshold=33114 256 132608 80 1536
is_linear=0
shrinkage=0.323813


Tree=13
num_leaves=8
num_cat=2
split_feature=0 1 0 0 0 1 0
split_gain=1.29406e+12 1.57886e+12 7.88074e+11 6.56325e+11 2.31386e+11 1.12189e+11 4.74481e+10
threshold=1.3050000000000004 0 0.6150000000000001 1.0350000000000004 1.5950000000000004 1 1.7650000000000003
decision_type=2 1 2 2 2 1 2
left_child=1 3 -3 -1 5 -2 -6
right_child=4 2 -4 -5 6 -7 -8
leaf_value=96927.333741164344 -1660.1267915768947 40729.380422145128 1051.3548750198563 32204.943630675083 -15674.9119981937 -11608.949352555821 -24694.725896990491
leaf_weight=20 241 54 1874 92 175 253 94
leaf_count=20 241 54 1874 92 175 253 94
internal_value=0 4446.58 2151.51 40175.4 -11185.1 -7023.98 -18826.8
internal_weight=0 2040 1928 112 763 494 269
internal_count=2803 2040 1928 112 763 494 269
cat_boundaries=0 1 2
cat_threshold=33024 41103
is_linear=0
shrinkage=0.323813


Tree=14
num_leaves=8
num_cat=4
split_feature=4 3 4 4 4 3 3
split_gain=2.72382e+11 2.6536e+11 2.01633e+11 1.58595e+11 3.96101e+10 8.16437e+09 5.98457e+09
threshold=0 2016.5000000000002 1 2 3 2015.5000000000002 2015.5000000000002
decision_type=1 2 1 1 1 2 2
left_child=4 2 -2 -3 5 -1 -6
right_child=1 3 -4 -5 6 -7 -8
leaf_value=4504.7386772135069 -443.18816072009002 -1835.147980492326 -9325.8540058075214 9050.403470270965 862.21239679412952 7368.334132941477 2936.9055560742063
leaf_weight=159 485 303 611 250 209 304 482
leaf_count=159 485 303 611 250 209 304 482
internal_value=0 -2550.95 -5484.25 3216.46 3910.67 6249.95 2276.45
internal_weight=0 1649 1096 553 1154 463 691
internal_count=2803 1649 1096 553 1154 463 691
cat_boundaries=0 1 2 3 4
cat_threshold=376 644 1668 48
is_linear=0
shrinkage=0.323813


Tree=15
num_leaves=7
num_cat=6
split_feature=1 4 4 1 4 4
split_gain=4.2682e+11 3.56721e+11 6.52366e+10 4.71911e+10 4.6453e+10 4.20299e+10
threshold=0 1 2 3 4 5
decision_type=1 1 1 1 1 1
left_child=1 -1 -3 5 -5 -2
right_child=3 2 -4 4 -6 -7
leaf_value=18106.17979489456 -2463.1004944221872 5889.505555073737 107.12188196200145 -5412.9395659051934 -715.73356790826153 -8200.9135602394126
leaf_weight=175 290 326 535 286 910 298
leaf_count=175 290 326 535 286 910 298
internal_value=0 5150 2338.98 -3080 -1874.55 -5459.55
internal_weight=0 1036 861 1784 1196 588
internal_count=2820 1036 861 1784 1196 588
cat_boundaries=0 1 2 3 4 5 6
cat_threshold=478 48 394 133633 3104 1257
is_linear=0
shrinkage=0.323813


Tree=16
num_leaves=8
num_cat=0
split_feature=2 2 2 2 2 2 2
split_gain=7.54088e+10 3.21321e+10 1.63095e+11 7.37309e+10 2.13062e+10 3.81379e+10 4.20886e+08
threshold=201602.50000000003 201609.50000000003 201656.50000000003 201607.50000000003 201502.50000000003 201509.50000000003 201501.50000000003
decision_type=2 2 2 2 2 2 2
left_child=4 3 -3 -2 6 -6 -1
right_child=1 2 -4 -5 5 -7 -8
leaf_value=-6334.0387018104311 1111.4248839977063 -7241.279031149933 2272.0071057813429 9723.4070401143144 140.39946150964951 -4013.3034322326448 -5226.7098398530416
leaf_weight=73 392 236 948 142 565 393 71
leaf_count=73 392 236 948 142 565 393 71
internal_value=0 1316.25 375.778 3401.5 -2115.59 -1563.57 -5788.07
internal_weight=0 1718 1184 534 1102 958 144
internal_count=2820 1718 1184 534 1102 958 144
is_linear=0
shrinkage=0.323813


Tree=17
num_leaves=6
num_cat=5
split_feature=1 4 1 4 4
split_gain=2.8604e+11 4.39243e+11 7.77475e+10 7.65151e+10 4.87197e+10
threshold=0 1 2 3 4
decision_type=1 1 1 1 1
left_child=1 -1 3 -2 -4
right_child=2 -3 4 -5 -6
leaf_value=23560.923330193335 -3741.4392770888103 -1468.760167534969 -811.70281467447842 2221.9660570568403 -4760.3376798366789
leaf_weight=122 290 171 657 905 675
leaf_count=122 290 171 657 905 675
internal_value=0 9386.79 -1139.76 755.74 -2833.26
internal_weight=0 293 2527 1195 1332
internal_count=2820 293 2527 1195 1332
cat_boundaries=0 1 2 3 4 5
cat_threshold=320 59 98494 1184 1260
is_linear=0
shrinkage=0.323813


Tree=18
num_leaves=7
num_cat=3
split_feature=1 1 3 3 1 3
split_gain=1.47742e+11 6.70614e+10 3.24222e+10 2.75485e+10 2.36707e+10 1.95217e+10
threshold=0 1 2016.5000000000002 2016.5000000000002 2 2015.5000000000002
decision_type=1 1 2 2 1 2
left_child=3 2 -2 5 -3 -1
right_child=1 4 -4 -5 -6 -7
leaf_value=11698.984776110779 -7585.743334255114 1379.9501160603224 -426.5941523514972 16408.526421833612 -716.90690239917842 2558.4588969933898
leaf_weight=49 197 900 100 51 1477 49
leaf_count=49 197 900 100 51 1477 49
internal_value=0 -501.988 -5006.68 9656.92 79.478 7128.72
internal_weight=0 2674 297 149 2377 98
internal_count=2823 2674 297 149 2377 98
cat_boundaries=0 1 2 3
cat_threshold=256 133120 222
is_linear=0
shrinkage=0.323813


Tree=19
num_leaves=5
num_cat=4
split_feature=1 4 1 1
split_gain=6.75362e+10 4.22688e+10 1.18776e+11 1.11305e+11
threshold=0 1 2 3
decision_type=1 1 1 1
left_child=-1 2 -2 -3
right_child=1 3 -4 -5
leaf_value=6529.8797122241276 4304.5235937162979 1679.6669655078294 -1756.0102226761526 -4279.0899883022739
leaf_weight=149 598 585 759 732
leaf_count=149 598 585 759 732
internal_value=0 -338.638 926.685 -1639.55
internal_weight=0 2674 1357 1317
internal_count=2823 2674 1357 1317
cat_boundaries=0 1 2 3 4
cat_threshold=256 860 331987 44588
is_linear=0
shrinkage=0.323813


Tree=20
num_leaves=7
num_cat=3
split_feature=4 3 4 4 3 3
split_gain=4.12432e+10 4.12739e+10 2.18361e+11 1.25845e+11 3.07885e+09 2.97529e+08
threshold=0 2016.5000000000002 1 2 2015.5000000000002 2016.5000000000002
decision_type=1 2 1 1 2 2
left_child=4 3 -3 -2 -1 -6
right_child=1 2 -4 -5 5 -7
leaf_value=2569.6030615046388 1226.8576020853268 -9678.2792477713901 3679.7289225682857 -4376.3563854498925 5313.2170287320996 4421.5859421935847
leaf_weight=91 931 145 743 753 91 69
leaf_count=91 931 145 743 753 91 69
internal_value=0 -353.983 1430.97 -1297.32 3917.34 4928.7
internal_weight=0 2572 888 1684 251 160
internal_count=2823 2572 888 1684 251 160
cat_boundaries=0 1 2 3
cat_threshold=16 260 996
is_linear=0
shrinkage=0.323813


Tree=21
num_leaves=8
num_cat=5
split_feature=1 3 1 1 3 1 1
split_gain=3.49456e+10 4.25868e+10 1.50791e+11 5.94106e+10 1.2478e+10 1.1882e+11 3.96964e+10
threshold=0 2015.5000000000002 1 2 2016.5000000000002 3 4
decision_type=1 2 1 1 2 1 1
left_child=4 2 -2 -3 6 -6 -1
right_child=1 3 -4 -5 5 -7 -8
leaf_value=-2708.1971541699686 -8310.4009479843517 3467.6994126983595 1285.1959724895328 -1177.8632625986909 11488.408690733208 -2412.9244133007501 3145.8904400021097
leaf_weight=196 296 396 391 989 102 149 288
leaf_count=196 296 396 391 989 102 149 288
internal_value=0 -862.833 -2951.41 166.932 1721.66 3597.8 784.27
internal_weight=0 2072 687 1385 735 251 484
internal_count=2807 2072 687 1385 735 251 484
cat_boundaries=0 1 2 3 4 5
cat_threshold=346 495744 102528 320 80
is_linear=0
shrinkage=0.323813


Tree=22
num_leaves=8
num_cat=0
split_feature=0 0 3 0 3 3 3
split_gain=1.0411e+12 3.56501e+11 1.69704e+11 1.36167e+11 1.25339e+11 9.96795e+10 4.89484e+10
threshold=1.2450000000000003 0.68500000000000016 2016.5000000000002 1.5950000000000004 2015.5000000000002 2016.5000000000002 2016.5000000000002
decision_type=2 2 2 2 2 2 2
left_child=1 5 -3 4 -2 -1 -5
right_child=3 2 -4 6 -6 -7 -8
leaf_value=15666.247375099625 -14491.556908759338 1417.1052303086178 9037.9369686311038 -23185.63298586832 -3981.6201219083314 36634.991960148225 -12709.405569412076
leaf_weight=85 155 1354 396 60 512 33 212
leaf_count=85 155 1354 396 60 512 33 212
internal_value=0 4303.2 3141.59 -8914.07 -6423.96 21530.4 -15020.3
internal_weight=0 1868 1750 939 667 118 272
internal_count=2807 1868 1750 939 667 118 272
is_linear=0
shrinkage=0.323813


Tree=23
num_leaves=8
num_cat=3
split_feature=1 2 2 2 1 2 1
split_gain=7.87147e+10 1.57628e+11 1.52728e+11 1.16014e+11 9.21623e+10 8.63506e+10 2.85958e+10
threshold=0 201609.50000000003 201607.50000000003 201656.50000000003 1 201707.50000000003 2
decision_type=1 2 2 2 1 2 1
left_child=1 6 4 -3 -2 -4 -1
right_child=2 3 5 -5 -6 -7 -8
leaf_value=9215.6630653513457 -886.76345587548246 -13071.887382860057 3915.2553358740965 133.51249215207983 -7367.4874116365881 -3277.4466843255159 3878.1129076476695
leaf_weight=168 463 87 589 352 471 249 428
leaf_count=168 463 87 589 352 471 249 428
internal_value=0 2151.91 -1387.88 -2483.5 -4243.26 1778.04 5602.35
internal_weight=0 1035 1772 439 934 838 596
internal_count=2807 1035 1772 439 934 838 596
cat_boundaries=0 1 2 3
cat_threshold=42254 344624 258
is_linear=0
shrinkage=0.323813


Tree=24
num_leaves=8
num_cat=5
split_feature=4 3 4 4 3 4 4
split_gain=1.61535e+10 2.26276e+10 3.86061e+10 2.55157e+10 1.64986e+10 2.32442e+10 2.07903e+10
threshold=0 2016.5000000000002 1 2 2016.5000000000002 3 4
decision_type=1 2 1 1 2 1 1
left_child=1 3 -3 -1 6 -6 -2
right_child=4 2 -4 -5 5 -7 -8
leaf_value=5558.3389232857271 -257.8585534180807 -5267.030698681363 1232.2408967766034 884.75313617069628 -1215.9053046418633 2888.7839945706592 -3147.0917587597382
leaf_weight=145 625 141 257 648 311 255 449
leaf_count=145 625 141 257 648 311 255 449
internal_value=0 813.819 -1171.64 1820.57 -747.293 662.936 -1497.44
internal_weight=0 1191 398 793 1640 566 1074
internal_count=2831 1191 398 793 1640 566 1074
cat_boundaries=0 1 2 3 4 5
cat_threshold=850 272 256 165 1188
is_linear=0
shrinkage=0.323813


Tree=25
num_leaves=8
num_cat=7
split_feature=1 4 4 1 1 1 1
split_gain=5.00855e+10 6.74913e+10 5.96569e+10 5.99366e+10 4.26887e+10 4.15927e+10 3.97166e+10
threshold=0 1 2 3 4 5 6
decision_type=1 1 1 1 1 1 1
left_child=2 6 3 -1 -4 -3 -2
right_child=1 5 4 -5 -6 -7 -8
leaf_value=6179.5126843059716 -6335.8258067599072 5711.5186429505684 -8662.1013482028102 -1223.7731558952505 -2236.5463418515833 1266.1304207067974 -142.07740348022116
leaf_weight=143 143 303 146 450 442 817 387
leaf_count=143 143 303 146 450 442 817 387
internal_value=0 1089.76 -1662.2 634.378 -3950.18 2508.67 -1899.6
internal_weight=0 1650 1181 593 588 1120 530
internal_count=2831 1650 1181 593 588 1120 530
cat_boundaries=0 1 2 3 4 5 6 7
cat_threshold=415841 3112 3688 131136 131136 33026 33026
is_linear=0
shrinkage=0.323813


Tree=26
num_leaves=8
num_cat=3
split_feature=4 4 3 3 4 3 3
split_gain=4.95044e+09 2.31849e+09 1.72462e+10 4.88346e+09 7.99102e+08 2.20639e+09 6.85996e+08
threshold=0 1 2015.5000000000002 2015.5000000000002 2 2015.5000000000002 2016.5000000000002
decision_type=1 1 2 2 1 2 2
left_child=4 2 -2 -3 6 -6 -1
right_child=1 3 -4 -5 5 -7 -8
leaf_value=1667.3486099689442 -3845.6937228806305 658.75779107511471 366.6130620893581 -455.99409037030301 -1083.9743647896385 1035.3143099228182 467.39904603625229
leaf_weight=181 145 623 343 1217 72 181 69
leaf_count=181 145 623 343 1217 72 181 69
internal_value=0 -246.542 -867.223 -78.1289 864.301 415.763 1284.77
internal_weight=0 2328 488 1840 503 253 250
internal_count=2831 2328 488 1840 503 253 250
cat_boundaries=0 1 2 3
cat_threshold=528 2049 16
is_linear=0
shrinkage=0.323813


Tree=27
num_leaves=7
num_cat=2
split_feature=1 2 2 1 2 2
split_gain=4.02861e+10 1.38213e+11 1.12608e+11 1.89146e+10 6.75897e+10 1.19561e+10
threshold=0 201706.50000000003 201607.50000000003 1 201711.50000000003 201703.50000000003
decision_type=1 2 2 1 2 2
left_child=1 2 -1 4 -2 -5
right_child=3 -3 -4 5 -6 -7
leaf_value=-8862.9982055617165 693.61167407275866 -27645.63446095055 11626.549866710004 -1100.3411482183426 16327.594024715158 836.13983881426634
leaf_weight=75 866 25 45 1335 30 446
leaf_count=75 866 25 45 1335 30 446
internal_value=0 -5372.07 -1179.42 -2.06217 1203.64 -611.969
internal_weight=0 145 120 2677 896 1781
internal_count=2822 145 120 2677 896 1781
cat_boundaries=0 1 2
cat_threshold=2048 34188
is_linear=0
shrinkage=0.323813


Tree=28
num_leaves=7
num_cat=4
split_feature=4 3 4 4 3 4
split_gain=5.88014e+09 9.86735e+09 4.03251e+10 2.24799e+10 6.91952e+09 4.03796e+09
threshold=0 2016.5000000000002 1 2 2016.5000000000002 3
decision_type=1 2 1 1 2 1
left_child=4 3 -3 -2 5 -1
right_child=1 2 -4 -5 -6 -7
leaf_value=-982.21451244242553 2383.9650955382649 -5539.5854841997852 348.07298419358983 -342.81366033267346 405.25992578507118 -3131.8939580032056
leaf_weight=304 463 145 573 959 231 147
leaf_count=304 463 145 573 959 231 147
internal_value=0 64.9859 -913.244 559.373 -1020.96 -1774.11
internal_weight=0 2140 718 1422 682 451
internal_count=2822 2140 718 1422 682 451
cat_boundaries=0 1 2 3 4
cat_threshold=3074 260 388 1026
is_linear=0
shrinkage=0.323813


Tree=29
num_leaves=8
num_cat=7
split_feature=1 4 1 1 4 1 1
split_gain=2.3045e+10 2.75283e+10 2.18997e+10 1.69973e+10 9.63607e+09 4.66737e+10 1.03319e+10
threshold=0 1 2 3 4 5 6
decision_type=1 1 1 1 1 1 1
left_child=1 3 -3 -1 5 -2 -6
right_child=4 2 -4 -5 6 -7 -8
leaf_value=3588.6662306061539 -5913.7903052526926 -5425.8132564576908 -1257.2252901210668 -1330.1874726905746 -426.53104704134574 1942.6856394249862 1343.5378233047145
leaf_weight=138 120 203 404 141 496 196 1124
leaf_count=138 120 203 404 141 496 196 1124
internal_value=0 -1502.15 -2716.68 1142.78 482.604 -1130.67 802.299
internal_weight=0 886 607 279 1936 316 1620
internal_count=2822 886 607 279 1936 316 1620
cat_boundaries=0 1 2 3 4 5 6 7
cat_threshold=477186 1188 264192 280576 1028 4720 41988
is_linear=0
shrinkage=0.323813


Tree=30
num_leaves=7
num_cat=3
split_feature=4 4 3 3 4 3
split_gain=1.41575e+10 7.08166e+09 4.94958e+09 3.32086e+09 1.15795e+09 8.64735e+08
threshold=0 1 2015.5000000000002 2015.5000000000002 2 2016.5000000000002
decision_type=1 1 2 2 1 2
left_child=2 5 -1 -3 -4 -2
right_child=1 3 4 -5 -6 -7
leaf_value=-2336.6148502371798 1872.881251193689 983.17617688157532 275.25407811303171 59.670983675453968 -823.9990648615485 3210.0825404255907
leaf_weight=230 184 604 142 1260 324 70
leaf_count=230 184 604 142 1260 324 70
internal_value=0 581.927 -1091.78 357.003 -500.809 2156.5
internal_weight=0 2118 696 1864 466 254
internal_count=2814 2118 696 1864 466 254
cat_boundaries=0 1 2 3
cat_threshold=2184 16 128
is_linear=0
shrinkage=0.323813


Tree=31
num_leaves=8
num_cat=7
split_feature=1 4 1 1 4 1 1
split_gain=1.27375e+10 5.92773e+10 9.22332e+10 4.5567e+10 4.43574e+10 3.52926e+10 2.78462e+10
threshold=0 1 2 3 4 5 6
decision_type=1 1 1 1 1 1 1
left_child=1 2 -1 -3 5 -2 -6
right_child=4 3 -4 -5 6 -7 -8
leaf_value=10429.53296533136 4513.8690899037019 -5564.2799713344548 1016.235200880574 212.38769878294664 20.567549069189081 -721.94868589625628 -3841.8311033943864
leaf_weight=132 238 172 505 675 356 296 440
leaf_count=132 238 172 505 675 356 296 440
internal_value=0 761.139 3097.92 -1011.92 -614.01 1651.7 -2135.6
internal_weight=0 1484 637 847 1330 534 796
internal_count=2814 1484 637 847 1330 534 796
cat_boundaries=0 1 2 3 4 5 6 7
cat_threshold=47020 1107 288 288 812 262226 198657
is_linear=0
shrinkage=0.323813


Tree=32
num_leaves=7
num_cat=0
split_feature=2 2 2 2 2 2
split_gain=7.41596e+09 9.53391e+09 5.51342e+09 4.81208e+09 4.40415e+09 8.58352e+07
threshold=201503.50000000003 201507.50000000003 201505.50000000003 201502.50000000003 201707.50000000003 201501.50000000003
decision_type=2 2 2 2 2 2
left_child=3 2 -2 5 -3 -1
right_child=1 4 -4 -5 -6 -7
leaf_value=-764.478891862772 654.73195102622515 219.16777050196859 3401.8099476675184 -3543.7338046511941 -962.00630280823248 -258.85805677790648
leaf_weight=68 165 1874 143 89 402 73
leaf_count=68 165 1874 143 89 402 73
internal_value=0 239.351 1930.16 -1679.45 10.5421 -502.705
internal_weight=0 2584 308 230 2276 141
internal_count=2814 2584 308 230 2276 141
is_linear=0
shrinkage=0.323813


Tree=33
num_leaves=8
num_cat=4
split_feature=1 1 3 1 1 3 3
split_gain=9.05843e+09 1.82543e+09 9.52449e+08 2.78117e+10 1.91047e+10 5.11191e+08 2.08681e+08
threshold=0 1 2016.5000000000002 2 3 2015.5000000000002 2016.5000000000002
decision_type=1 1 2 1 1 2 2
left_child=2 6 4 -4 -1 -3 -2
right_child=1 5 3 -5 -6 -7 -8
leaf_value=2553.7156990979652 -212.8250734375608 -1206.8639215770602 2553.0405976656216 -2465.6583743941546 -449.82534769657525 -631.80096497225145 147.15956229944163
leaf_weight=394 496 241 250 199 492 495 256
leaf_count=394 496 241 250 199 492 495 256
internal_value=0 -448.254 709.559 330.663 909.581 -809.11 -89.0922
internal_weight=0 1488 1335 449 886 736 752
internal_count=2823 1488 1335 449 886 736 752
cat_boundaries=0 1 2 3 4
cat_threshold=267678 57920 4492 1050
is_linear=0
shrinkage=0.323813


Tree=34
num_leaves=7
num_cat=0
split_feature=0 0 0 3 0 3
split_gain=7.36972e+11 2.15323e+11 1.08706e+11 1.78222e+11 9.72097e+10 4.07004e+10
threshold=1.1050000000000002 0.6150000000000001 1.5150000000000003 2015.5000000000002 0.77500000000000013 2016.5000000000002
decision_type=2 2 2 2 2 2
left_child=1 -1 3 -2 -3 -4
right_child=2 4 5 -5 -6 -7
leaf_value=25729.516757882957 -8444.4660732872599 10325.930652294921 -14698.951959251199 40.140978645048364 3360.0164675903652 -7364.9034133581526
leaf_weight=54 414 267 108 696 985 299
leaf_count=54 414 267 108 696 985 299
internal_value=0 5709.06 -4784.22 -3124.39 4845.56 -9311.04
internal_weight=0 1306 1517 1110 1252 407
internal_count=2823 1306 1517 1110 1252 407
is_linear=0
shrinkage=0.323813


Tree=35
num_leaves=8
num_cat=7
split_feature=1 4 1 4 1 1 1
split_gain=4.72408e+10 4.20984e+10 6.61345e+10 3.30628e+10 2.06305e+10 1.93942e+10 1.42791e+10
threshold=0 1 2 3 4 5 6
decision_type=1 1 1 1 1 1 1
left_child=3 2 -2 4 -1 -5 -3
right_child=1 6 -4 5 -6 -7 -8
leaf_value=2159.2962945251425 -4663.9375681292631 -3959.2733713151706 4545.2515438448818 307.06843465805053 -3165.7466718127462 3348.9378731909042 -1389.2890917738105
leaf_weight=108 109 338 259 340 217 675 777
leaf_count=108 109 338 259 340 217 675 777
internal_value=0 -1207.99 1766.31 1435.31 -1384.56 2342.92 -2196.62
internal_weight=0 1483 368 1340 325 1015 1115
internal_count=2823 1483 368 1340 325 1015 1115
cat_boundaries=0 1 2 3 4 5 6 7
cat_threshold=42894 552 18464 2088 648 8832 4176
is_linear=0
shrinkage=0.323813


Tree=36
num_leaves=8
num_cat=0
split_feature=2 2 2 2 2 2 2
split_gain=8.36028e+09 2.97613e+10 1.17632e+10 7.95084e+09 3.10049e+09 1.39774e+09 1.26673e+09
threshold=201607.50000000003 201610.50000000003 201511.50000000003 201701.50000000003 201608.50000000003 201603.50000000003 201501.50000000003
decision_type=2 2 2 2 2 2 2
left_child=2 4 6 -3 -2 -4 -1
right_child=1 3 5 -5 -6 -7 -8
leaf_value=1569.5253978926012 2164.6859317216204 -1826.6258571794383 -1111.808943629354 307.63094523032299 4733.5999743753891 -2068.8697586605281 112.27645177067748
leaf_weight=68 72 232 308 867 156 333 780
leaf_count=68 72 232 308 867 156 333 780
internal_value=0 555.567 -562.167 -142.913 3922.36 -1609 229.132
internal_weight=0 1327 1489 1099 228 641 848
internal_count=2816 1327 1489 1099 228 641 848
is_linear=0
shrinkage=0.323813


Tree=37
num_leaves=8
num_cat=7
split_feature=1 4 1 1 4 1 1
split_gain=2.39941e+10 4.41432e+10 2.01892e+10 1.9009e+10 1.84734e+10 8.65752e+10 8.08931e+10
threshold=0 1 2 3 4 5 6
decision_type=1 1 1 1 1 1 1
left_child=1 3 -3 -1 6 -6 -2
right_child=4 2 -4 -5 5 -7 -8
leaf_value=-1902.3778164525324 -8684.5705415212396 -1242.1303182313061 2277.5501130154639 -6972.9616464538494 10088.742470342735 545.04465178227611 1000.1981115668217
leaf_weight=206 101 386 291 147 100 1103 482
leaf_count=206 101 386 291 147 100 1103 482
internal_value=0 -1261.55 281.891 -4147.85 692.932 1415 -795.767
internal_weight=0 1030 677 353 1786 1203 583
internal_count=2816 1030 677 353 1786 1203 583
cat_boundaries=0 1 2 3 4 5 6 7
cat_threshold=428113 83 264209 264209 3336 256 4352
is_linear=0
shrinkage=0.323813


Tree=38
num_leaves=8
num_cat=5
split_feature=4 3 4 4 3 4 4
split_gain=4.03941e+09 1.41938e+09 5.13904e+09 2.04303e+09 9.96558e+08 9.74613e+09 3.13861e+09
threshold=0 2015.5000000000002 1 2 2015.5000000000002 3 4
decision_type=1 2 1 1 2 1 1
left_child=1 2 -1 -3 5 -2 -6
right_child=4 3 -4 -5 6 -7 -8
leaf_value=-1379.4065433062485 2137.9428798555341 297.06149793293531 980.68920101275148 -1000.6963026978276 950.21470563430637 -886.52249023102218 -138.36305303145028
leaf_weight=153 144 160 228 613 626 397 495
leaf_count=153 144 160 228 613 626 397 495
internal_value=0 -484.856 22.4688 -741.181 300.772 -58.3573 476.773
internal_weight=0 1154 381 773 1662 541 1121
internal_count=2816 1154 381 773 1662 541 1121
cat_boundaries=0 1 2 3 4 5
cat_threshold=1075 18 16 72 2692
is_linear=0
shrinkage=0.323813


Tree=39
num_leaves=8
num_cat=5
split_feature=1 3 1 1 3 1 1
split_gain=2.63089e+10 2.33435e+10 5.08609e+10 3.90171e+10 1.49619e+10 2.71615e+10 2.24714e+10
threshold=0 2015.5000000000002 1 2 2015.5000000000002 3 4
decision_type=1 2 1 1 2 1 1
left_child=1 2 -1 -3 5 -2 -6
right_child=4 3 -4 -5 6 -7 -8
leaf_value=-1457.8959936839537 -6281.7064967257393 -4180.3805550380275 5160.3972872857239 830.38202052677821 -2747.7314353913412 -894.21798216877141 652.93025431333035
leaf_weight=202 145 195 292 785 299 300 592
leaf_count=202 145 195 292 785 299 300 592
internal_value=0 709.26 2529.08 -200.841 -1268.1 -2810.95 -511.768
internal_weight=0 1474 494 980 1336 445 891
internal_count=2810 1474 494 980 1336 445 891
cat_boundaries=0 1 2 3 4 5
cat_threshold=63246 4868 16392 131264 2065
is_linear=0
shrinkage=0.323813


Tree=40
num_leaves=8
num_cat=0
split_feature=0 0 3 0 0 3 0
split_gain=4.93715e+11 1.55697e+11 8.85042e+10 1.2944e+11 6.41279e+10 2.43283e+10 2.21443e+10
threshold=1.1950000000000001 0.79500000000000015 2015.5000000000002 1.3950000000000002 0.6150000000000001 2015.5000000000002 1.3350000000000002
decision_type=2 2 2 2 2 2 2
left_child=1 4 6 -4 -1 -3 -2
right_child=2 5 3 -5 -6 -7 -8
leaf_value=19303.61873748566 -9216.4275708168479 3729.6400061420518 1587.8691472584114 -6738.5082735194655 7352.8808213291832 1587.8691472584114 -16520.888494391056
leaf_weight=55 184 557 295 582 327 753 57
leaf_count=55 184 557 295 582 327 753 57
internal_value=0 3321.27 -5448.04 -3937.73 9073.54 1643.89 -10944
internal_weight=0 1692 1118 877 382 1310 241
internal_count=2810 1692 1118 877 382 1310 241
is_linear=0
shrinkage=0.323813


Tree=41
num_leaves=8
num_cat=3
split_feature=0 1 0 1 0 1 0
split_gain=2.26083e+11 6.05822e+11 3.83849e+11 2.36271e+11 1.24977e+11 2.16962e+10 8.05816e+09
threshold=1.2650000000000003 0 1.0750000000000004 1 0.74500000000000011 2 1.8550000000000002
decision_type=2 1 2 1 2 1 2
left_child=1 2 -1 6 -3 -5 -2
right_child=3 4 -4 5 -6 -7 -8
leaf_value=60037.567243144469 -13595.656021125536 6938.7656683128725 15350.359649978134 -948.66471268925773 -948.66471268925773 -4029.2202229198938 -20009.503654430948
leaf_weight=25 192 243 104 396 1582 245 23
leaf_count=25 192 243 104 396 1582 245 23
internal_value=0 1679.99 22283.3 -4630.77 100.999 -1372.29 -13647
internal_weight=0 1954 129 856 1825 641 215
internal_count=2810 1954 129 856 1825 641 215
cat_boundaries=0 1 2 3
cat_threshold=264 65832 173061
is_linear=0
shrinkage=0.323813


Tree=42
num_leaves=7
num_cat=4
split_feature=4 3 4 4 3 4
split_gain=3.17003e+10 1.37564e+10 1.56062e+10 9.7107e+09 2.62813e+09 1.34136e+09
threshold=0 2016.5000000000002 1 2 2015.5000000000002 3
decision_type=1 2 1 1 2 1
left_child=4 2 -2 -3 -1 -6
right_child=1 3 -4 -5 5 -7
leaf_value=-747.77999148956008 1793.2347662828304 3235.9643786397351 -481.13308619560206 763.75937004655293 -1576.3513426380591 -3035.9607466773768
leaf_weight=218 461 340 956 359 339 142
leaf_count=218 461 340 956 359 339 142
internal_value=0 843.958 268.058 2023.48 -1656.74 -2103.15
internal_weight=0 2116 1417 699 699 481
internal_count=2815 2116 1417 699 699 481
cat_boundaries=0 1 2 3 4
cat_threshold=2051 448 1608 2049
is_linear=0
shrinkage=0.323813


Tree=43
num_leaves=8
num_cat=3
split_feature=0 1 0 1 1 0 0
split_gain=2.17418e+11 6.67163e+11 3.12486e+11 2.17761e+11 1.43294e+11 2.46691e+10 1.37513e+10
threshold=1.1050000000000002 0 0.95500000000000007 1 2 1.2450000000000003 1.6250000000000002
decision_type=2 1 2 1 1 2 2
left_child=1 2 -1 5 -3 -2 -5
right_child=3 4 -4 6 -6 -7 -8
leaf_value=65109.932989230634 -6403.47314543831 -355.51041880316996 20726.982056858298 -355.51041880316996 5753.5750183549908 -12073.814593483075 -3103.0972388161522
leaf_weight=21 132 733 80 1003 449 206 191
leaf_count=21 132 733 80 1003 449 206 191
internal_value=0 3259.35 27256.5 -2454.63 970.032 -9576.05 -355.51
internal_weight=0 1283 101 1532 1182 338 1194
internal_count=2815 1283 101 1532 1182 338 1194
cat_boundaries=0 1 2 3
cat_threshold=33154 264624 280657
is_linear=0
shrinkage=0.323813


Tree=44
num_leaves=8
num_cat=4
split_feature=1 3 1 1 1 3 3
split_gain=6.14348e+10 4.11045e+10 6.5452e+10 2.02774e+10 1.17619e+10 4.79082e+09 2.50374e+09
threshold=0 2016.5000000000002 1 2 3 2015.5000000000002 2015.5000000000002
decision_type=1 2 1 1 1 2 2
left_child=1 3 -3 -1 6 -6 -2
right_child=4 2 -4 -5 5 -7 -8
leaf_value=-1428.454956285254 4205.0994324942176 6774.5213873658613 -3427.9900096455326 -5941.7381410450043 -147.30507147503269 981.38762969901586 2213.9296739897127
leaf_weight=195 100 102 151 289 589 1193 196
leaf_count=195 100 102 151 289 589 1193 196
internal_value=0 -2493.4 817.549 -4275.65 928.387 604.929 2792.29
internal_weight=0 737 253 484 2078 1782 296
internal_count=2815 737 253 484 2078 1782 296
cat_boundaries=0 1 2 3 4
cat_threshold=264280 72 262160 1280
is_linear=0
shrinkage=0.323813


Tree=45
num_leaves=8
num_cat=2
split_feature=2 1 2 1 2 2 2
split_gain=6.19002e+10 1.1537e+11 5.10123e+10 3.37362e+10 5.4259e+10 3.09508e+10 1.49002e+10
threshold=201607.50000000003 0 201509.50000000003 1 201708.50000000003 201603.50000000003 201708.50000000003
decision_type=2 1 2 1 2 2 2
left_child=1 5 -3 4 -2 -1 -5
right_child=3 2 -4 6 -6 -7 -8
leaf_value=3877.3455510981198 2070.7038927807312 -1206.4643487793289 -5804.0030544070823 1190.4214065034641 12660.187047161215 -2437.9325292717031 -1659.3512408961858
leaf_weight=374 209 477 539 793 67 104 254
leaf_count=374 209 477 539 793 67 104 254
internal_value=0 -1678.22 -3609.98 1363.22 4479.06 2452.01 494.351
internal_weight=0 1494 1016 1323 276 478 1047
internal_count=2817 1494 1016 1323 276 478 1047
cat_boundaries=0 1 2
cat_threshold=91424 163969
is_linear=0
shrinkage=0.323813


Tree=46
num_leaves=7
num_cat=2
split_feature=4 4 3 3 3 3
split_gain=5.25928e+10 1.63485e+10 1.54925e+10 2.42998e+09 1.67792e+09 1.27087e+08
threshold=0 1 2015.5000000000002 2016.5000000000002 2015.5000000000002 2016.5000000000002
decision_type=1 1 2 2 2 2
left_child=4 3 -3 -2 -1 -6
right_child=1 2 -4 -5 5 -7
leaf_value=-3845.0928647041887 -1470.4537249246989 -551.16340217754987 1423.7065929064411 -229.81892967365764 -5470.3177008330122 -6076.6779082756175
leaf_weight=70 490 629 1233 250 72 73
leaf_count=70 490 629 1233 250 72 73
internal_value=0 241.49 752.536 -1037.3 -4918.3 -5775.59
internal_weight=0 2602 1862 740 215 145
internal_count=2817 2602 1862 740 215 145
cat_boundaries=0 1 2
cat_threshold=2 2065
is_linear=0
shrinkage=0.323813


Tree=47
num_leaves=6
num_cat=5
split_feature=1 4 4 1 1
split_gain=4.1632e+10 5.71918e+10 3.63156e+10 6.84736e+10 4.56313e+10
threshold=0 1 2 3 4
decision_type=1 1 1 1 1
left_child=1 -1 3 -2 -4
right_child=2 -3 4 -5 -6
leaf_value=1727.8969005450169 -4623.9672502322601 -7228.7173833417755 3279.1654211752398 797.97029608441426 -338.15895639603843
leaf_weight=123 368 179 683 687 777
leaf_count=123 368 179 683 687 777
internal_value=0 -3642.36 322.636 -1118.94 1364.85
internal_weight=0 302 2515 1055 1460
internal_count=2817 302 2515 1055 1460
cat_boundaries=0 1 2 3 4 5
cat_threshold=2112 3240 3083 311322 279326
is_linear=0
shrinkage=0.323813


Tree=48
num_leaves=7
num_cat=0
split_feature=2 2 2 2 2 2
split_gain=1.94425e+10 4.33655e+10 1.43116e+10 1.18092e+10 3.38346e+09 2.78912e+09
threshold=201703.50000000003 201656.50000000003 201702.50000000003 201507.50000000003 201704.50000000003 201709.50000000003
decision_type=2 2 2 2 2 2
left_child=1 3 -3 -1 -2 -6
right_child=4 2 -4 -5 5 -7
leaf_value=1280.5583295105916 3334.6807445795998 -6422.0931483942559 -1014.3975875881495 -509.34287771903138 623.62577573316969 2012.7382858812089
leaf_weight=544 87 158 76 1335 378 253
leaf_count=544 87 158 76 1335 378 253
internal_value=0 -508.819 -4665.75 8.86154 1441.6 1180.59
internal_weight=0 2113 234 1879 718 631
internal_count=2831 2113 234 1879 718 631
is_linear=0
shrinkage=0.323813


Tree=49
num_leaves=8
num_cat=2
split_feature=0 1 1 0 0 0 0
split_gain=3.10951e+11 2.19053e+11 1.63181e+11 1.22668e+11 6.8875e+10 5.84213e+09 2.92529e+09
threshold=0.79500000000000015 0 1 1.2350000000000001 0.68500000000000016 0.99500000000000011 0.77500000000000013
decision_type=2 1 1 2 2 2 2
left_child=2 5 4 -3 -1 -2 -4
right_child=1 3 6 -5 -6 -7 -8
leaf_value=10567.798309723974 -14459.266211080818 1351.3628046779068 19807.416227935948 -3400.0608448108765 1351.3628046779068 -19504.853541820958 16193.964777330111
leaf_weight=97 77 1359 97 981 154 35 31
leaf_count=97 77 1359 97 981 154 35 31
internal_value=0 -1343.8 8622.43 -637.854 3235.89 -14721.6 17560.4
internal_weight=0 2452 379 2340 251 112 128
internal_count=2831 2452 379 2340 251 112 128
cat_boundaries=0 1 2
cat_threshold=2112 280592
is_linear=0
shrinkage=0.323813


Tree=50
num_leaves=8
num_cat=4
split_feature=4 3 4 4 3 4 3
split_gain=4.80145e+10 9.94825e+09 1.13802e+10 7.50346e+09 2.00081e+10 6.45065e+09 5.21219e+08
threshold=0 2016.5000000000002 1 2 2016.5000000000002 3 2016.5000000000002
decision_type=1 2 1 1 2 1 2
left_child=3 2 -2 6 -5 -3 -1
right_child=1 5 -4 4 -6 -7 -8
leaf_value=-1868.1083697520764 -1015.1294309204794 521.35821602952331 889.61922479028328 -1916.929544951752 -8575.8235050123803 2552.8356985827704 -1172.8500352772026
leaf_weight=313 496 305 932 138 72 398 177
leaf_count=313 496 305 932 138 72 398 177
internal_value=0 714.69 227.147 -2358.18 -4009.07 1715.2 -1584.63
internal_weight=0 2131 1428 700 210 703 490
internal_count=2831 2131 1428 700 210 703 490
cat_boundaries=0 1 2 3 4
cat_threshold=2051 28 2049 356
is_linear=0
shrinkage=0.323813


Tree=51
num_leaves=8
num_cat=7
split_feature=1 4 1 1 4 1 1
split_gain=5.91701e+10 5.07433e+10 5.02731e+10 3.60566e+10 1.48576e+10 2.99366e+10 1.73505e+10
threshold=0 1 2 3 4 5 6
decision_type=1 1 1 1 1 1 1
left_child=4 2 -2 -3 6 -6 -1
right_child=1 3 -4 -5 5 -7 -8
leaf_value=-1836.1894996469857 -10610.762265686819 1350.9137749331383 -1930.1983779906129 -2515.8848756767738 5985.7316326755163 1278.2622178063073 1602.8269110707201
leaf_weight=251 106 554 216 449 175 691 365
leaf_count=251 106 554 216 449 175 691 365
internal_value=0 -1543.03 -5021.31 -387.834 1424.42 2287.01 194.592
internal_weight=0 1325 322 1003 1482 866 616
internal_count=2807 1325 322 1003 1482 866 616
cat_boundaries=0 1 2 3 4 5 6 7
cat_threshold=173966 22 16480 16497 1193 33024 164104
is_linear=0
shrinkage=0.323813


Tree=52
num_leaves=8
num_cat=0
split_feature=2 2 2 2 2 2 2
split_gain=2.09232e+10 2.68141e+10 4.05738e+09 4.47314e+09 4.04851e+09 2.51655e+09 1.11073e+09
threshold=201606.50000000003 201507.50000000003 201611.50000000003 201608.50000000003 201703.50000000003 201503.50000000003 201603.50000000003
decision_type=2 2 2 2 2 2 2
left_child=1 5 3 -2 -4 -1 -3
right_child=2 6 4 -5 -6 -7 -8
leaf_value=118.00867437076145 440.37515796931939 -1770.1205890996418 -444.02860447027763 2676.5512842088956 967.73353293813841 1535.1387348331821 -2591.249613475934
leaf_weight=232 157 623 303 233 717 303 239
leaf_count=232 157 623 303 233 717 303 239
internal_value=0 -880.149 888.014 1776.35 548.357 920.608 -1997.79
internal_weight=0 1397 1410 390 1020 535 862
internal_count=2807 1397 1410 390 1020 535 862
is_linear=0
shrinkage=0.323813


Tree=53
num_leaves=8
num_cat=7
split_feature=1 4 1 1 4 1 1
split_gain=2.92146e+10 3.10339e+10 3.05073e+10 2.76426e+10 2.18543e+10 5.50475e+10 2.92454e+10
threshold=0 1 2 3 4 5 6
decision_type=1 1 1 1 1 1 1
left_child=4 3 -3 -2 5 -1 -6
right_child=1 2 -4 -5 6 -7 -8
leaf_value=-945.14187637972441 676.28146845244567 -5013.9390810450232 675.46734279497207 -4717.302153104135 2172.4830914457721 4961.7114805605897 -2067.2764564099471
leaf_weight=291 144 101 891 333 294 374 379
leaf_count=291 144 101 891 333 294 374 379
internal_value=0 -988.396 51.9448 -3108.6 1095.75 2401.2 -210.447
internal_weight=0 1469 992 477 1338 665 673
internal_count=2807 1469 992 477 1338 665 673
cat_boundaries=0 1 2 3 4 5 6 7
cat_threshold=173454 1046 2048 6145 1814 8332 8332
is_linear=0
shrinkage=0.323813


Tree=54
num_leaves=8
num_cat=0
split_feature=2 2 2 2 2 2 2
split_gain=1.54375e+10 5.68073e+09 7.2189e+09 1.89643e+09 2.12285e+09 1.63797e+09 1.05667e+09
threshold=201606.50000000003 201603.50000000003 201604.50000000003 201705.50000000003 201709.50000000003 201507.50000000003 201701.50000000003
decision_type=2 2 2 2 2 2 2
left_child=1 5 -3 6 -5 -1 -2
right_child=3 2 -4 4 -6 -7 -8
leaf_value=-86.341485165508502 758.83033864253014 -4969.9089239149562 -1064.9593779159104 -325.76341998704424 941.73552306574652 -853.18773239442442 1508.8094704253665
leaf_weight=543 563 71 165 302 256 632 303
leaf_count=543 563 71 165 302 256 632 303
internal_value=0 -789.993 -2239.75 721.274 255.741 -498.807 1021.24
internal_weight=0 1411 236 1424 558 1175 866
internal_count=2835 1411 236 1424 558 1175 866
is_linear=0
shrinkage=0.323813


Tree=55
num_leaves=8
num_cat=2
split_feature=0 1 0 0 1 0 0
split_gain=2.30464e+11 3.31914e+11 1.2384e+11 1.16964e+11 1.01601e+11 6.37102e+10 1.16745e+09
threshold=0.97500000000000009 0 0.6150000000000001 0.82500000000000007 1 1.425 1.0150000000000003
decision_type=2 1 2 2 1 2 2
left_child=1 2 -1 -3 6 -6 -2
right_child=4 3 -4 -5 5 -7 -8
leaf_value=15703.364758169932 -7497.5352584374878 27603.977618555087 -1128.5774278842866 10916.507331108936 -1128.5774278842866 -4610.986196194287 -9882.157925459016
leaf_weight=50 25 58 550 183 1263 551 155
leaf_count=50 25 58 550 183 1263 551 155
internal_value=0 4474.68 269.591 14337.7 -1916.96 -1153.1 -9048.28
internal_weight=0 841 600 241 1994 1814 180
internal_count=2835 841 600 241 1994 1814 180
cat_boundaries=0 1 2
cat_threshold=280657 329744
is_linear=0
shrinkage=0.323813


Tree=56
num_leaves=8
num_cat=0
split_feature=0 0 3 3 0 3 3
split_gain=1.19537e+11 5.1335e+10 4.34235e+10 4.08223e+10 2.59522e+10 1.6825e+10 1.16951e+10
threshold=0.79500000000000015 1.3350000000000002 2016.5000000000002 2016.5000000000002 0.74500000000000011 2015.5000000000002 2015.5000000000002
decision_type=2 2 2 2 2 2 2
left_child=3 2 -2 6 -5 -3 -1
right_child=1 5 -4 4 -6 -7 -8
leaf_value=1519.6795667958488 -564.63713314481924 -8268.7626936338438 3278.2446453483999 15450.474718767915 3652.6446117880619 -2470.869015111417 5624.4403096210053
leaf_weight=138 1334 57 401 60 29 662 154
leaf_count=138 1334 57 401 60 29 662 154
internal_value=0 -629.863 323.545 5535 11606.2 -2930.51 3684.52
internal_weight=0 2454 1735 381 89 719 292
internal_count=2835 2454 1735 381 89 719 292
is_linear=0
shrinkage=0.323813


Tree=57
num_leaves=8
num_cat=2
split_feature=1 2 2 2 2 1 2
split_gain=5.84714e+10 4.56769e+10 4.68831e+10 2.37123e+10 2.35272e+10 2.26196e+10 7.75238e+09
threshold=0 201608.50000000003 201504.50000000003 201502.50000000003 201656.50000000003 1 201501.50000000003
decision_type=1 2 2 2 2 1 2
left_child=1 2 -1 6 -3 -5 -2
right_child=3 4 -4 5 -6 -7 -8
leaf_value=2263.3600385066511 -1001.5158253472822 4852.0850706372921 -5118.166189150983 -107.36254618872118 -630.97654764803872 2404.6551954845036 -7157.0196968721493
leaf_weight=112 45 107 464 569 352 1127 41
leaf_count=112 45 107 464 569 352 1127 41
internal_value=0 -1745.71 -3682.87 1302.13 647.21 1575.43 -3936.12
internal_weight=0 1035 576 1782 459 1696 86
internal_count=2817 1035 576 1782 459 1696 86
cat_boundaries=0 1 2
cat_threshold=268401 155656
is_linear=0
shrinkage=0.323813


Tree=58
num_leaves=8
num_cat=4
split_feature=4 3 4 4 3 3 4
split_gain=2.57566e+10 5.71995e+09 9.53976e+09 7.29035e+09 5.54823e+09 9.10704e+09 6.53513e+09
threshold=0 2015.5000000000002 1 2 2015.5000000000002 2016.5000000000002 3
decision_type=1 2 1 1 2 2 1
left_child=4 3 -3 -2 6 -6 -1
right_child=1 2 -4 -5 5 -7 -8
leaf_value=1508.9451453117058 2012.4649032826876 2161.5027255754176 198.90369517226293 -624.10994459764572 -2625.0646208261487 -431.67582299710955 -1112.9496060917368
leaf_weight=160 141 651 445 395 394 400 231
leaf_count=160 141 651 445 395 394 400 231
internal_value=0 956.378 1386.18 95.3685 -1019.79 -1520.08 -29.9233
internal_weight=0 1632 1096 536 1185 794 391
internal_count=2817 1632 1096 536 1185 794 391
cat_boundaries=0 1 2 3 4
cat_threshold=2071 960 72 17
is_linear=0
shrinkage=0.323813


Tree=59
num_leaves=6
num_cat=5
split_feature=1 4 4 1 1
split_gain=3.77078e+10 2.22678e+10 1.85045e+10 6.26736e+10 2.4629e+10
threshold=0 1 2 3 4
decision_type=1 1 1 1 1
left_child=1 -1 3 -2 -4
right_child=2 -3 4 -5 -6
leaf_value=257.09968056607414 5812.6503167447609 -5548.400269718356 -813.86762505214017 -2517.4908420665802 1743.2431117037304
leaf_weight=117 106 178 553 515 1348
leaf_count=117 106 178 553 515 1348
internal_value=0 -3312.94 498.302 -1026.01 999.014
internal_weight=0 295 2522 621 1901
internal_count=2817 295 2522 621 1901
cat_boundaries=0 1 2 3 4 5
cat_threshold=6144 1698 2051 132352 131873
is_linear=0
shrinkage=0.323813


Tree=60
num_leaves=8
num_cat=3
split_feature=1 1 3 1 3 3 3
split_gain=3.61482e+10 1.69644e+10 2.28396e+10 8.67222e+09 7.08161e+09 6.94889e+09 7.40077e+08
threshold=0 1 2015.5000000000002 2 2016.5000000000002 2015.5000000000002 2015.5000000000002
decision_type=1 1 2 1 2 2 2
left_child=1 2 -1 6 -5 -3 -2
right_child=3 5 -4 4 -6 -7 -8
leaf_value=-591.63337084811917 -1542.1145765937517 2371.6343122935655 7928.1003627168029 -823.19207549470036 751.55130336753791 598.0845425268194 -2613.9039718060631
leaf_weight=49 101 350 101 891 451 685 204
leaf_count=49 101 350 101 891 451 685 204
internal_value=0 1683.27 4823.42 -653.895 -291.801 1186.37 -2187.27
internal_weight=0 1185 150 1647 1342 1035 305
internal_count=2832 1185 150 1647 1342 1035 305
cat_boundaries=0 1 2 3
cat_threshold=107790 256 6144
is_linear=0
shrinkage=0.323813


Tree=61
num_leaves=8
num_cat=4
split_feature=1 1 3 1 3 1 3
split_gain=1.69792e+10 8.79844e+09 1.10517e+10 2.92443e+09 1.50162e+09 1.28677e+09 3.38383e+08
threshold=0 1 2016.5000000000002 2 2015.5000000000002 3 2015.5000000000002
decision_type=1 1 2 1 2 1 2
left_child=1 2 -1 6 -5 -3 -2
right_child=3 5 -4 4 -6 -7 -8
leaf_value=1454.3103179440777 -1042.7573185481274 1054.7763332259444 7294.673647599936 198.99055045616501 -621.5255577550862 396.58466302752242 -1767.4869089901308
leaf_weight=98 101 592 52 353 693 739 204
leaf_count=98 101 592 52 353 693 739 204
internal_value=0 975.093 3261.54 -607.171 -341.357 695.017 -1479
internal_weight=0 1481 150 1351 1046 1331 305
internal_count=2832 1481 150 1351 1046 1331 305
cat_boundaries=0 1 2 3 4
cat_threshold=108366 256 6144 9226
is_linear=0
shrinkage=0.323813


Tree=62
num_leaves=8
num_cat=5
split_feature=4 3 4 3 4 4 4
split_gain=4.60998e+09 4.06761e+09 4.66816e+09 1.65414e+09 1.85862e+09 5.86265e+08 4.71112e+08
threshold=0 2016.5000000000002 1 2016.5000000000002 2 3 4
decision_type=1 2 1 2 1 1 1
left_child=3 5 -3 4 -1 -2 -5
right_child=1 2 -4 6 -6 -7 -8
leaf_value=-1118.2784156099056 -249.3568433492552 2015.2325348849047 232.64472940520463 -523.51006758353162 187.30872493069515 241.94048779080453 -1421.7033077089325
leaf_weight=140 342 299 329 163 474 924 161
leaf_count=140 342 299 329 163 474 924 161
internal_value=0 441.057 1117.16 -433.294 -125.544 109.162 -1029.87
internal_weight=0 1894 628 938 614 1266 324
internal_count=2832 1894 628 938 614 1266 324
cat_boundaries=0 1 2 3 4 5
cat_threshold=2055 1680 2048 1040 2052
is_linear=0
shrinkage=0.323813


Tree=63
num_leaves=8
num_cat=3
split_feature=1 2 2 2 2 1 1
split_gain=1.58217e+10 1.0344e+11 1.84575e+11 1.58797e+11 1.3621e+10 3.08506e+10 2.56827e+10
threshold=0 201606.50000000003 201601.50000000003 201656.50000000003 201606.50000000003 1 2
decision_type=1 2 2 2 2 1 1
left_child=1 2 -1 -3 5 -2 -6
right_child=4 3 -4 -5 6 -7 -8
leaf_value=-5478.4578392164494 -2600.1555930965228 -34713.704953875131 31225.322337362162 -1760.5277491503059 -999.81482038383433 525.17715896979598 1824.7722111874182
leaf_weight=51 590 23 20 46 598 737 753
leaf_count=51 590 23 20 46 598 737 753
internal_value=0 -3561.96 4860.63 -12744.9 -142.624 -880.019 580.617
internal_weight=0 140 71 69 2678 1327 1351
internal_count=2818 140 71 69 2678 1327 1351
cat_boundaries=0 1 2 3
cat_threshold=256 432832 29750
is_linear=0
shrinkage=0.323813


Tree=64
num_leaves=8
num_cat=4
split_feature=4 3 4 4 4 3 3
split_gain=1.51332e+10 5.60974e+09 1.00933e+10 3.10214e+09 1.94347e+09 8.03103e+08 4.17031e+08
threshold=0 2016.5000000000002 1 2 3 2015.5000000000002 2015.5000000000002
decision_type=1 2 1 1 1 2 2
left_child=1 4 -3 6 -1 -5 -2
right_child=3 2 -4 5 -6 -7 -8
leaf_value=-119.00360556985258 407.95706014672874 -391.12517580038894 -4119.410166931636 298.97693923165195 -1288.4061141133816 -329.91785991278709 867.77017289651315
leaf_weight=303 304 157 159 324 303 621 647
leaf_count=303 304 157 159 324 303 621 647
internal_value=0 -1289.72 -2409.8 302.967 -726.93 -113.1 713.284
internal_weight=0 922 316 1896 606 945 951
internal_count=2818 922 316 1896 606 945 951
cat_boundaries=0 1 2 3 4
cat_threshold=1035 1032 960 3
is_linear=0
shrinkage=0.323813


Tree=65
num_leaves=7
num_cat=3
split_feature=1 2 2 2 1 1
split_gain=8.81504e+09 3.49473e+10 6.12976e+10 7.54491e+09 1.01604e+11 2.3848e+10
threshold=0 201709.50000000003 201706.50000000003 201504.50000000003 1 2
decision_type=1 2 2 2 1 1
left_child=1 2 -1 4 -2 -5
right_child=3 -3 -4 5 -6 -7
leaf_value=-1493.0493616736262 -5586.3194552569821 9678.6838845697894 -19351.762835722842 1095.2001823010871 6720.7760273576496 -1031.1757136722665
leaf_weight=240 112 25 22 933 158 1328
leaf_count=240 112 25 22 933 158 1328
internal_value=0 -1825.26 -2992.64 39.5985 1657.63 -153.445
internal_weight=0 287 262 2531 270 2261
internal_count=2818 287 262 2531 270 2261
cat_boundaries=0 1 2 3
cat_threshold=2304 70230 1750
is_linear=0
shrinkage=0.323813


Tree=66
num_leaves=8
num_cat=4
split_feature=4 3 4 4 4 3 3
split_gain=5.44849e+09 2.11601e+09 1.00121e+10 7.5158e+09 4.83331e+08 5.29291e+08 1.02319e+08
threshold=0 2015.5000000000002 1 2 3 2015.5000000000002 2016.5000000000002
decision_type=1 2 1 1 1 2 2
left_child=4 2 -2 -3 6 -6 -1
right_child=1 3 -4 -5 5 -7 -8
leaf_value=1227.1267414335086 1403.6222796120285 186.1280689033558 -1376.0613124769764 -1523.0577286014518 167.76820757392261 680.12374247730725 797.54378059241412
leaf_weight=161 311 629 226 463 323 612 91
leaf_count=161 311 629 226 463 323 612 91
internal_value=0 -290.212 234.287 -550.797 618.688 497.804 1031.08
internal_weight=0 1629 537 1092 1187 935 252
internal_count=2816 1629 537 1092 1187 935 252
cat_boundaries=0 1 2 3 4
cat_threshold=1249 282 2820 64
is_linear=0
shrinkage=0.323813


Tree=67
num_leaves=7
num_cat=6
split_feature=1 4 4 1 4 1
split_gain=1.45595e+10 9.13037e+10 3.77112e+10 6.64967e+10 2.6166e+10 2.26492e+10
threshold=0 1 2 3 4 5
decision_type=1 1 1 1 1 1
left_child=1 -1 3 -2 -3 -4
right_child=2 4 5 -5 -6 -7
leaf_value=9058.9215652724561 3464.3875719102462 -2876.1240138147314 -3867.4330431095973 -6201.0075483079745 1347.2120325696621 576.45354454928258
leaf_weight=121 100 247 120 248 374 1606
leaf_count=121 100 247 120 248 374 1606
internal_value=0 1283.09 -379.076 -3404.41 -351.56 246.995
internal_weight=0 742 2074 348 621 1726
internal_count=2816 742 2074 348 621 1726
cat_boundaries=0 1 2 3 4 5 6
cat_threshold=70464 48 48 262289 900 262144
is_linear=0
shrinkage=0.323813


Tree=68
num_leaves=8
num_cat=4
split_feature=4 3 3 4 3 4 4
split_gain=3.54695e+09 4.48987e+09 2.70537e+09 2.62502e+09 1.40338e+09 1.97653e+09 6.06672e+08
threshold=0 2015.5000000000002 2016.5000000000002 1 2015.5000000000002 2 3
decision_type=1 2 2 1 2 1 1
left_child=1 3 -3 -1 5 -2 -6
right_child=4 2 -4 -5 6 -7 -8
leaf_value=-561.03050425182585 487.11285115242669 -1430.3852933174949 -245.76594101666419 1171.2544237194195 850.52234233399554 -721.99483029531518 340.32919614858037
leaf_weight=141 302 388 422 236 462 250 615
leaf_count=141 302 388 422 236 462 250 615
internal_value=0 -380.359 -813.213 539.557 352.906 -64.7451 570.244
internal_weight=0 1187 810 377 1629 552 1077
internal_count=2816 1187 810 377 1629 552 1077
cat_boundaries=0 1 2 3 4
cat_threshold=2075 2049 480 1568
is_linear=0
shrinkage=0.323813


Tree=69
num_leaves=7
num_cat=1
split_feature=1 2 2 2 2 2
split_gain=1.60566e+10 2.97903e+10 2.08284e+10 8.68639e+09 1.19917e+10 8.04026e+08
threshold=0 201503.50000000003 201506.50000000003 201502.50000000003 201606.50000000003 201501.50000000003
decision_type=1 2 2 2 2 2
left_child=1 -1 -3 5 -5 -2
right_child=3 2 -4 4 -6 -7
leaf_value=-5917.8521210460958 3445.5257421359142 8648.5498364800114 1762.9824629170942 -1185.3053681108368 363.26575643397905 1710.035859965192
leaf_weight=49 55 51 476 989 1116 57
leaf_count=49 55 51 476 989 1116 57
internal_value=0 1689.9 2429.33 -215.485 -364.305 2562.29
internal_weight=0 576 527 2217 2105 112
internal_count=2793 576 527 2217 2105 112
cat_boundaries=0 1
cat_threshold=295200
is_linear=0
shrinkage=0.323813


Tree=70
num_leaves=8
num_cat=0
split_feature=2 2 2 2 2 2 2
split_gain=2.69748e+09 4.63017e+09 4.52072e+09 1.64384e+09 1.65586e+09 9.79947e+08 7.34811e+08
threshold=201608.50000000003 201656.50000000003 201701.50000000003 201509.50000000003 201511.50000000003 201609.50000000003 201506.50000000003
decision_type=2 2 2 2 2 2 2
left_child=3 5 -3 6 -5 -2 -1
right_child=1 2 -4 4 -6 -7 -8
leaf_value=-19.485878248912481 2623.4542774263409 -2081.9253557206598 356.02736092971952 -1421.9097177850576 -249.85278331441651 1258.077567536362 692.45555021578662
leaf_weight=473 73 88 851 154 705 225 224
leaf_count=473 73 88 851 154 705 225 224
internal_value=0 480.477 127.55 -160.172 -459.977 1592.55 209.316
internal_weight=0 1237 939 1556 859 298 697
internal_count=2793 1237 939 1556 859 298 697
is_linear=0
shrinkage=0.323813


Tree=71
num_leaves=7
num_cat=1
split_feature=1 2 2 2 2 2
split_gain=8.51698e+09 8.65477e+09 7.62114e+09 6.76364e+09 1.11653e+10 3.61707e+08
threshold=0 201711.50000000003 201702.50000000003 201710.50000000003 201702.50000000003 201711.50000000003
decision_type=1 2 2 2 2 2
left_child=1 2 -1 4 -2 -5
right_child=3 -3 -4 5 -6 -7
leaf_value=1084.533311543383 -719.04509417275494 5696.0083337047718 -849.03543718743765 -2304.2132746037787 1339.6271947695716 -3566.2109779032089
leaf_weight=846 1166 36 286 42 362 55
leaf_count=846 1166 36 286 42 362 55
internal_value=0 746.814 596.017 -395.34 -231.323 -3019.78
internal_weight=0 1168 1132 1625 1528 97
internal_count=2793 1168 1132 1625 1528 97
cat_boundaries=0 1
cat_threshold=320928
is_linear=0
shrinkage=0.323813


Tree=72
num_leaves=7
num_cat=0
split_feature=2 2 2 2 2 2
split_gain=4.34661e+09 2.37301e+09 1.2736e+09 1.19442e+09 7.94569e+08 3.70394e+06
threshold=201511.50000000003 201710.50000000003 201605.50000000003 201501.50000000003 201509.50000000003 201711.50000000003
decision_type=2 2 2 2 2 2
left_child=3 2 -2 -1 -5 -3
right_child=1 5 -4 4 -6 -7
leaf_value=-952.86998917245683 -895.25109185744452 -1807.3344862420258 -270.67900645138201 287.19641011368719 1093.7777715848968 -1706.678928126461
leaf_weight=69 461 70 1330 626 161 85
leaf_count=69 461 70 1330 626 161 85
internal_value=0 -536.637 -431.443 338.943 452.202 -1752.14
internal_weight=0 1946 1791 856 787 155
internal_count=2802 1946 1791 856 787 155
is_linear=0
shrinkage=0.323813


Tree=73
num_leaves=7
num_cat=2
split_feature=1 2 2 1 2 2
split_gain=5.01365e+09 1.66422e+10 1.35179e+10 1.52563e+10 1.27694e+10 8.41762e+09
threshold=0 201711.50000000003 201603.50000000003 1 201605.50000000003 201711.50000000003
decision_type=1 2 2 1 2 2
left_child=1 4 3 -2 -1 -4
right_child=2 -3 5 -5 -6 -7
leaf_value=-1586.0417643533697 -770.6634482706163 -7546.6468888325471 -814.96084808500336 2439.3261157748839 575.61935094334353 3542.5776612854356
leaf_weight=558 239 36 905 426 589 49
leaf_count=558 239 36 905 426 589 49
internal_value=0 -685.374 188.887 1310.75 -475.999 -591.146
internal_weight=0 1183 1619 665 1147 954
internal_count=2802 1183 1619 665 1147 954
cat_boundaries=0 1 2
cat_threshold=330449 167940
is_linear=0
shrinkage=0.323813


Tree=74
num_leaves=8
num_cat=3
split_feature=4 3 4 4 3 3 3
split_gain=2.96767e+09 8.78765e+08 1.55078e+09 6.80358e+08 6.83275e+08 3.06436e+08 9.28786e+07
threshold=0 2016.5000000000002 1 2 2015.5000000000002 2016.5000000000002 2015.5000000000002
decision_type=1 2 1 1 2 2 2
left_child=1 6 -3 4 -2 -5 -1
right_child=3 2 -4 5 -6 -7 -8
leaf_value=672.99728331486085 -141.23908107055692 613.78752018120451 -842.98846329924265 -84.001737995696104 -840.14831474674338 -429.53862748138403 426.88866433535634
leaf_weight=352 213 144 143 769 471 414 296
leaf_count=352 213 144 143 769 471 414 296
internal_value=0 347.937 -120.048 -356.005 -613.536 -203.207 560.578
internal_weight=0 935 287 1867 684 1183 648
internal_count=2802 935 287 1867 684 1183 648
cat_boundaries=0 1 2 3
cat_threshold=1172 144 2058
is_linear=0
shrinkage=0.323813


Tree=75
num_leaves=8
num_cat=7
split_feature=1 4 1 1 4 1 1
split_gain=5.85635e+09 3.1647e+10 2.6781e+10 1.51576e+10 1.43015e+10 1.36002e+10 1.03879e+10
threshold=0 1 2 3 4 5 6
decision_type=1 1 1 1 1 1 1
left_child=4 2 -2 -3 5 -1 -6
right_child=1 3 -4 -5 6 -7 -8
leaf_value=-87.227933994550654 5632.8598131130466 -4286.7760380507498 283.49587953166389 -859.6462859269036 -1634.5680471016897 3005.343177535301 653.41898074347569
leaf_weight=254 119 172 430 598 339 369 507
leaf_count=254 119 172 430 598 339 369 507
internal_value=0 -339.715 1523.04 -1670.33 597.262 1763.03 -271.783
internal_weight=0 1319 549 770 1469 623 846
internal_count=2788 1319 549 770 1469 623 846
cat_boundaries=0 1 2 3 4 5 6 7
cat_threshold=348759 3079 2080 2080 968 327683 20560
is_linear=0
shrinkage=0.323813


Tree=76
num_leaves=8
num_cat=0
split_feature=0 0 0 3 0 0 0
split_gain=2.63188e+11 4.59688e+10 4.44951e+10 1.49655e+11 1.06497e+10 9.5156e+09 3.49811e+09
threshold=0.99500000000000011 0.68500000000000016 1.2650000000000003 2016.5000000000002 1.655 0.79500000000000015 0.6150000000000001
decision_type=2 2 2 2 2 2 2
left_child=1 6 3 -2 -4 -3 -1
right_child=2 5 4 -5 -6 -7 -8
leaf_value=12868.015249239656 -2890.3128131486965 5699.0791729256935 -3183.9186031843228 3769.5746191729127 -5903.8841283425354 3769.5746191729127 9172.0624381970829
leaf_weight=50 795 268 668 215 195 539 58
leaf_count=50 795 268 668 215 195 539 58
internal_value=0 4609.21 -2091.1 -632.201 -3798.51 3769.57 10883.2
internal_weight=0 915 1873 1010 863 807 108
internal_count=2788 915 1873 1010 863 807 108
is_linear=0
shrinkage=0.323813


Tree=77
num_leaves=8
num_cat=2
split_feature=1 2 2 2 1 2 2
split_gain=1.68855e+10 1.18379e+10 2.43003e+10 2.14839e+10 3.87297e+09 1.30491e+10 5.98404e+09
threshold=0 201602.50000000003 201609.50000000003 201503.50000000003 1 201504.50000000003 201703.50000000003
decision_type=1 2 2 2 1 2 2
left_child=1 3 -3 -1 5 -2 -6
right_child=4 2 -4 -5 6 -7 -8
leaf_value=2599.5945298106444 3642.3150426477446 3624.3499158219038 -2102.223218751355 -4938.7158972162151 1279.9297506736777 -433.61638576537536 -303.76262458074677
leaf_weight=51 92 114 244 178 988 786 335
leaf_count=51 92 114 244 178 988 786 335
internal_value=0 -1417.55 -278.677 -3259.88 523.329 -6.45196 872.326
internal_weight=0 587 358 229 2201 878 1323
internal_count=2788 587 358 229 2201 878 1323
cat_boundaries=0 1 2
cat_threshold=264272 159904
is_linear=0
shrinkage=0.323813


Tree=78
num_leaves=7
num_cat=0
split_feature=2 2 2 2 2 2
split_gain=1.98342e+09 3.88283e+09 2.91573e+09 1.56613e+09 1.34888e+09 7.89404e+07
threshold=201701.50000000003 201710.50000000003 201656.50000000003 201510.50000000003 201707.50000000003 201711.50000000003
decision_type=2 2 2 2 2 2
left_child=2 4 3 -1 -2 -3
right_child=1 5 -4 -5 -6 -7
leaf_value=270.19091981304672 424.40835701830878 -1273.248322918683 -2013.4710382024321 -333.53901343031197 1367.9398779385972 -816.56493448745232
leaf_weight=766 470 71 86 1094 240 90
leaf_count=766 470 71 86 1094 240 90
internal_value=0 417.779 -170.136 -84.9061 743.349 -1017.96
internal_weight=0 871 1946 1860 710 161
internal_count=2817 871 1946 1860 710 161
is_linear=0
shrinkage=0.323813


Tree=79
num_leaves=8
num_cat=4
split_feature=0 1 0 1 1 1 0
split_gain=8.72318e+10 1.29597e+11 1.13719e+11 3.41024e+10 2.63438e+10 2.24202e+10 4.6814e+09
threshold=0.85500000000000009 0 1.2450000000000003 1 2 3 0.6150000000000001
decision_type=2 1 2 1 1 1 2
left_child=3 4 -3 6 -2 -5 -1
right_child=1 2 -4 5 -6 -7 -8
leaf_value=8750.8044015591513 -9543.5945037310412 2795.1479162367486 -2282.0299930429528 2795.1479162367486 -3741.3052049759513 9338.4074849897788 2795.1479162367486
leaf_weight=51 141 962 891 105 302 157 208
leaf_count=51 141 962 891 105 302 157 208
internal_value=0 -850.491 351.929 3790.61 -5757.99 6747.23 2795.15
internal_weight=0 2296 1853 521 443 262 259
internal_count=2817 2296 1853 521 443 262 259
cat_boundaries=0 1 2 3 4
cat_threshold=268400 18497 264208 327680
is_linear=0
shrinkage=0.323813


Tree=80
num_leaves=8
num_cat=3
split_feature=4 3 3 4 4 3 3
split_gain=1.58558e+10 4.22443e+09 3.55616e+09 3.96006e+09 1.46327e+09 1.15817e+09 5.48668e+08
threshold=0 2015.5000000000002 2016.5000000000002 1 2 2015.5000000000002 2016.5000000000002
decision_type=1 2 2 1 1 2 2
left_child=1 4 5 -4 -1 -2 -3
right_child=2 6 3 -5 -6 -7 -8
leaf_value=742.26136584041365 -771.2444948961396 955.29857922214239 675.50288363453308 -1032.8672312907786 -528.2399100594539 -1444.3999967368202 1492.3205358883529
leaf_weight=139 537 396 306 249 253 535 402
leaf_count=139 537 396 306 249 253 535 402
internal_value=0 791.568 -758.073 -97.3938 -72.2704 -1107.19 1225.83
internal_weight=0 1190 1627 555 392 1072 798
internal_count=2817 1190 1627 555 392 1072 798
cat_boundaries=0 1 2 3
cat_threshold=1984 60 576
is_linear=0
shrinkage=0.323813


Tree=81
num_leaves=8
num_cat=7
split_feature=1 4 1 1 4 1 1
split_gain=1.62251e+10 4.91227e+10 2.38321e+10 1.79225e+10 1.17572e+10 1.89777e+10 1.70762e+10
threshold=0 1 2 3 4 5 6
decision_type=1 1 1 1 1 1 1
left_child=4 3 -3 -2 6 -6 -1
right_child=1 2 -4 -5 5 -7 -8
leaf_value=1657.9019799654088 -794.94341349949059 -4935.3283198757763 -996.47059749034395 2581.9731612586952 2749.4282641370687 -101.07779478027948 -2092.4700566349543
leaf_weight=205 289 301 371 368 485 492 305
leaf_count=205 289 301 371 368 485 492 305
internal_value=0 -878.45 -2807.25 1106.89 673.044 1327.48 -582.075
internal_weight=0 1329 672 657 1487 977 510
internal_count=2816 1329 672 657 1487 977 510
cat_boundaries=0 1 2 3 4 5 6 7
cat_threshold=177550 4032 18528 327697 2241 38146 139276
is_linear=0
shrinkage=0.323813


Tree=82
num_leaves=7
num_cat=0
split_feature=2 2 2 2 2 2
split_gain=1.38956e+10 3.46237e+09 9.39191e+09 5.58397e+09 5.57519e+08 5.95451e+07
threshold=201703.50000000003 201605.50000000003 201656.50000000003 201508.50000000003 201704.50000000003 201707.50000000003
decision_type=2 2 2 2 2 2
left_child=1 3 -3 -1 -2 -6
right_child=4 2 -4 -5 5 -7
leaf_value=-78.042736267061585 440.73017004140701 830.47389780429683 -1634.1148312210621 -1410.9254702850114 1158.347648864426 1363.2214442754896
leaf_weight=622 94 533 233 701 239 394
leaf_count=622 94 533 233 701 239 394
internal_value=0 -467.069 80.8011 -784.279 1176.59 1285.87
internal_weight=0 2089 766 1323 727 633
internal_count=2816 2089 766 1323 727 633
is_linear=0
shrinkage=0.323813


Tree=83
num_leaves=8
num_cat=7
split_feature=1 4 4 1 1 4 4
split_gain=8.29144e+09 2.17114e+10 3.6326e+09 7.42824e+09 6.19533e+09 2.3823e+09 1.12745e+09
threshold=0 1 2 3 4 5 6
decision_type=1 1 1 1 1 1 1
left_child=1 5 3 -2 -4 -1 -3
right_child=2 6 4 -5 -6 -7 -8
leaf_value=2121.4166215621985 1531.8322749186032 -2071.5829499817874 -1022.9206228809427 -203.02353699003319 396.83204446088416 -72.071478900904253 -4463.9880680590686
leaf_weight=104 511 111 507 516 847 103 117
leaf_count=104 511 111 507 516 847 103 117
internal_value=0 -1312.11 210.175 666.629 -138.391 1076.95 -3435.24
internal_weight=0 435 2381 1027 1354 207 228
internal_count=2816 435 2381 1027 1354 207 228
cat_boundaries=0 1 2 3 4 5 6 7
cat_threshold=2128 2978 1620 251264 217217 2306 1048
is_linear=0
shrinkage=0.323813


Tree=84
num_leaves=7
num_cat=0
split_feature=0 3 0 0 0 0
split_gain=1.14969e+11 4.86198e+10 6.19995e+10 2.76586e+10 8.10152e+09 4.89527e+09
threshold=1.1450000000000002 2015.5000000000002 1.3950000000000002 0.6150000000000001 0.79500000000000015 1.155
decision_type=2 2 2 2 2 2
left_child=3 5 -3 -1 -5 -2
right_child=1 2 -4 4 -6 -7
leaf_value=9377.1570934031097 -636.43701128782573 2048.6959993424484 -3014.3463462967206 3769.6107447666345 2048.6959993424484 -5621.8934040279801
leaf_weight=54 22 394 591 324 1099 337
leaf_count=54 22 394 591 324 1099 337
internal_value=0 -2090.32 -914.524 2048.7 2048.7 -5316.38
internal_weight=0 1344 985 1477 1423 359
internal_count=2821 1344 985 1477 1423 359
is_linear=0
shrinkage=0.323813


Tree=85
num_leaves=8
num_cat=7
split_feature=1 4 1 4 1 1 1
split_gain=3.81088e+10 1.30324e+10 1.37104e+10 9.34065e+09 1.5148e+10 1.00005e+10 2.83956e+09
threshold=0 1 2 3 4 5 6
decision_type=1 1 1 1 1 1 1
left_child=1 2 -1 5 -5 -2 -3
right_child=3 6 -4 4 -6 -7 -8
leaf_value=2697.4694040101022 -2376.8203981291354 -1027.8787530766344 -1141.6772588604658 5100.697765739048 1078.431652044191 700.31182312718965 -2755.2826404556899
leaf_weight=122 144 174 364 102 1010 385 520
leaf_count=122 144 174 364 102 1010 385 520
internal_value=0 -1445.67 -142.986 958.129 1489.55 -165.876 -2342.94
internal_weight=0 1180 486 1641 1112 529 694
internal_count=2821 1180 486 1641 1112 529 694
cat_boundaries=0 1 2 3 4 5 6 7
cat_threshold=284785 1888 262176 2314 256 65920 4097
is_linear=0
shrinkage=0.323813


Tree=86
num_leaves=7
num_cat=2
split_feature=4 3 3 4 3 3
split_gain=6.08018e+09 3.89689e+09 2.81715e+09 1.33873e+09 2.79423e+09 6.23243e+08
threshold=0 2015.5000000000002 2016.5000000000002 1 2015.5000000000002 2015.5000000000002
decision_type=1 2 2 1 2 2
left_child=1 -1 -3 4 -2 -5
right_child=3 2 -4 5 -6 -7
leaf_value=262.44948780890098 -227.54084556017554 -2252.8155892899267 -664.03428493118145 344.20466001685418 941.1355933170662 -154.07308233908006
leaf_weight=217 330 217 254 393 613 797
leaf_count=217 330 217 254 393 613 797
internal_value=0 -860.421 -1396.02 239.992 526.577 10.3967
internal_weight=0 688 471 2133 943 1190
internal_count=2821 688 471 2133 943 1190
cat_boundaries=0 1 2
cat_threshold=2058 1796
is_linear=0
shrinkage=0.323813


Tree=87
num_leaves=8
num_cat=7
split_feature=1 4 4 1 1 1 1
split_gain=1.60249e+10 1.92702e+10 1.28563e+10 2.33158e+10 1.98291e+10 1.15721e+10 7.39016e+09
threshold=0 1 2 3 4 5 6
decision_type=1 1 1 1 1 1 1
left_child=2 5 3 -1 -4 -2 -3
right_child=1 6 4 -5 -6 -7 -8
leaf_value=-568.37362250518765 2202.7338034510494 -2988.2285134777926 1782.9853982711697 3429.0923482250923 -1363.4516493595027 -705.5816579349181 -909.24684859619276
leaf_weight=256 253 344 341 374 513 310 426
leaf_count=256 253 344 341 374 513 310 426
internal_value=0 -819.607 721.771 1821.22 -100.992 616.986 -1864.44
internal_weight=0 1333 1484 630 854 563 770
internal_count=2817 1333 1484 630 854 563 770
cat_boundaries=0 1 2 3 4 5 6 7
cat_threshold=238990 3008 1809 8332 40972 16992 2656
is_linear=0
shrinkage=0.323813


Tree=88
num_leaves=8
num_cat=3
split_feature=1 1 3 1 3 3 3
split_gain=9.13453e+09 2.85972e+09 7.36812e+09 1.90609e+09 6.1738e+09 3.78937e+09 1.13279e+09
threshold=0 1 2015.5000000000002 2 2015.5000000000002 2015.5000000000002 2015.5000000000002
decision_type=1 1 2 1 2 2 2
left_child=3 2 -2 5 -5 -1 -3
right_child=1 6 -4 4 -6 -7 -8
leaf_value=-104.59122091813147 933.40673978421853 -611.47801991308711 -2505.3818925393475 1979.6487190971418 -230.24926730800499 2396.2439419137118 -39.360495361397248
leaf_weight=94 98 543 196 199 397 196 1094
leaf_count=94 98 543 196 199 397 196 1094
internal_value=0 -399.111 -1314.41 850.863 499.243 1532.77 -227.743
internal_weight=0 1931 294 886 596 290 1637
internal_count=2817 1931 294 886 596 290 1637
cat_boundaries=0 1 2 3
cat_threshold=42122 2049 32896
is_linear=0
shrinkage=0.323813


Tree=89
num_leaves=8
num_cat=7
split_feature=1 4 4 1 1 1 1
split_gain=4.45713e+09 1.77021e+10 1.71881e+10 4.60529e+10 3.4467e+10 1.57724e+10 1.1482e+10
threshold=0 1 2 3 4 5 6
decision_type=1 1 1 1 1 1 1
left_child=1 5 4 -4 -2 -1 -3
right_child=2 6 3 -5 -6 -7 -8
leaf_value=2806.8709998919971 5683.9074124165272 -174.44929570279004 -5659.3002742397866 465.74839304313429 357.0532861870679 -834.7124951063189 -2819.0417501442498
leaf_weight=243 149 347 149 673 666 242 348
leaf_count=243 149 347 149 673 666 242 348
internal_value=0 -480.424 342.069 -699.186 1388.01 1009.68 -1519.85
internal_weight=0 1180 1637 822 815 485 695
internal_count=2817 1180 1637 822 815 485 695
cat_boundaries=0 1 2 3 4 5 6 7
cat_threshold=350737 206 3888 320 320 279056 69649
is_linear=0
shrinkage=0.323813


Tree=90
num_leaves=8
num_cat=4
split_feature=4 3 4 3 3 4 4
split_gain=4.96354e+09 4.28519e+09 1.69208e+09 1.42737e+09 8.40513e+08 4.38277e+08 3.49338e+08
threshold=0 2016.5000000000002 1 2015.5000000000002 2016.5000000000002 2 3
decision_type=1 2 1 2 2 1 1
left_child=4 3 -3 -2 6 -6 -1
right_child=1 2 -4 -5 5 -7 -8
leaf_value=-1199.2996290309557 327.17667174001514 513.00763691038958 1715.9369553373213 -426.58771970089282 287.58597294730731 -409.75335530813283 -602.03132707940506
leaf_weight=156 518 313 230 536 141 250 650
leaf_count=156 518 313 230 536 141 250 650
internal_value=0 322.559 1063.58 -56.1417 -546.425 -161.407 -739.981
internal_weight=0 1597 543 1054 1197 391 806
internal_count=2794 1597 543 1054 1197 391 806
cat_boundaries=0 1 2 3 4
cat_threshold=3604 99 20 512
is_linear=0
shrinkage=0.323813


Tree=91
num_leaves=8
num_cat=7
split_feature=1 4 1 1 4 1 1
split_gain=5.50757e+09 3.63124e+10 1.07148e+11 5.85809e+10 3.13595e+10 9.55348e+09 5.12543e+09
threshold=0 1 2 3 4 5 6
decision_type=1 1 1 1 1 1 1
left_child=4 2 -2 -3 6 -6 -1
right_child=1 3 -4 -5 5 -7 -8
leaf_value=890.57309774267264 10112.434164280576 -6857.6259983574782 -693.99490692114432 -402.39731639537746 -2542.7628420795654 -42.023821341295225 2770.6969524151
leaf_weight=304 111 178 469 706 285 362 379
leaf_count=304 111 178 469 706 285 362 379
internal_value=0 -465.515 1510.48 -1764.37 441.562 -1165.52 1958.79
internal_weight=0 1464 580 884 1330 647 683
internal_count=2794 1464 580 884 1330 647 683
cat_boundaries=0 1 2 3 4 5 6 7
cat_threshold=95906 434 262400 262400 1613 86144 8738
is_linear=0
shrinkage=0.323813


Tree=92
num_leaves=8
num_cat=4
split_feature=3 4 4 3 4 3 4
split_gain=2.50129e+09 2.96935e+09 1.92191e+09 6.13505e+08 2.69904e+08 2.35444e+08 310537
threshold=2016.5000000000002 0 1 2015.5000000000002 2 2015.5000000000002 3
decision_type=2 1 1 2 1 2 1
left_child=2 6 5 -4 -3 -1 -2
right_child=1 4 3 -5 -6 -7 -8
leaf_value=459.12132181775615 -308.5280433570631 1043.373511721225 -241.68122171085176 -692.58400515305243 540.80373525614198 51.107978182862048 -520.27472283085081
leaf_weight=286 160 316 644 622 317 308 141
leaf_count=286 160 316 644 622 317 308 141
internal_value=0 413.245 -236.226 -459.585 804.017 243.46 -421.259
internal_weight=0 934 1860 1266 633 594 301
internal_count=2794 934 1860 1266 633 594 301
cat_boundaries=0 1 2 3 4
cat_threshold=1572 2083 393 516
is_linear=0
shrinkage=0.323813


Tree=93
num_leaves=8
num_cat=2
split_feature=1 2 2 2 1 2 2
split_gain=5.14914e+09 4.05694e+10 1.89687e+10 1.55764e+10 1.71182e+10 2.378e+09 6.75113e+08
threshold=0 201504.50000000003 201605.50000000003 201504.50000000003 1 201503.50000000003 201501.50000000003
decision_type=1 2 2 2 1 2 2
left_child=1 5 -3 6 -5 -1 -2
right_child=3 2 -4 4 -6 -7 -8
leaf_value=5515.4897845094865 -3814.5521073206269 -3038.9489040994818 -252.62608593429525 1975.6644561500339 -323.96943786354564 2257.5732697572507 -2339.9131982012564
leaf_weight=97 43 429 636 525 926 31 134
leaf_count=97 43 429 636 525 926 31 134
internal_value=0 -714.374 -1375 168.602 519.466 4726.46 -2698.16
internal_weight=0 1193 1065 1628 1451 128 177
internal_count=2821 1193 1065 1628 1451 128 177
cat_boundaries=0 1 2
cat_threshold=444465 774
is_linear=0
shrinkage=0.323813


Tree=94
num_leaves=7
num_cat=4
split_feature=4 3 4 4 3 4
split_gain=3.29e+09 1.69264e+09 2.08796e+09 1.84098e+09 1.64997e+09 1.51706e+09
threshold=0 2015.5000000000002 1 2 2016.5000000000002 3
decision_type=1 2 1 1 2 1
left_child=4 2 -2 -3 5 -1
right_child=1 3 -4 -5 -6 -7
leaf_value=181.24487934154433 993.72038649641877 154.95903456292066 -71.204624789007525 -536.81647037727646 -1873.182285655711 -1249.4698419921579
leaf_weight=159 340 844 435 759 141 143
leaf_count=159 340 844 435 759 141 143
internal_value=0 14.9242 407.892 -174.97 -937.433 -531.584
internal_weight=0 2378 775 1603 443 302
internal_count=2821 2378 775 1603 443 302
cat_boundaries=0 1 2 3 4
cat_threshold=1056 150 2629 1024
is_linear=0
shrinkage=0.323813


Tree=95
num_leaves=7
num_cat=3
split_feature=1 3 3 1 3 1
split_gain=3.8656e+09 5.65823e+09 5.96958e+09 1.76511e+09 5.35992e+09 4.16766e+08
threshold=0 2016.5000000000002 2015.5000000000002 1 2015.5000000000002 2
decision_type=1 2 2 1 2 1
left_child=1 2 -1 4 -2 -5
right_child=3 -3 -4 5 -6 -7
leaf_value=-2009.4185270691084 2214.4633440106604 -3201.5649386152531 1546.7815655217437 -254.65171985278539 -161.51981996582938 37.72138439729045
leaf_weight=98 149 100 100 889 300 1185
leaf_count=98 149 100 100 889 300 1185
internal_value=0 -1176.63 -213.357 38.5488 613.287 -88.222
internal_weight=0 298 198 2523 449 2074
internal_count=2821 298 198 2523 449 2074
cat_boundaries=0 1 2 3
cat_threshold=2064 12296 180741
is_linear=0
shrinkage=0.323813


Tree=96
num_leaves=8
num_cat=3
split_feature=4 4 3 3 4 3 3
split_gain=3.58551e+09 8.86133e+08 1.45127e+09 5.11189e+08 4.84958e+08 3.91439e+09 1.26054e+09
threshold=0 1 2016.5000000000002 2015.5000000000002 2 2015.5000000000002 2015.5000000000002
decision_type=1 1 2 2 1 2 2
left_child=1 2 -1 -3 5 -2 -6
right_child=4 3 -4 -5 6 -7 -8
leaf_value=-439.35845935213734 1923.5441458021987 -612.66308695851319 -2189.833046637832 -98.522067290726028 -264.7389764025624 -37.044635419521526 443.18940354026512
leaf_weight=147 160 303 75 613 389 321 819
leaf_count=147 160 303 75 613 389 321 819
internal_value=0 -413.636 -986.307 -265.692 327.171 602.598 213.455
internal_weight=0 1138 222 916 1689 481 1208
internal_count=2827 1138 222 916 1689 481 1208
cat_boundaries=0 1 2 3
cat_threshold=1378 2 24
is_linear=0
shrinkage=0.323813


Tree=97
num_leaves=7
num_cat=6
split_feature=1 4 4 1 1 4
split_gain=5.44477e+09 1.73487e+10 9.32556e+09 7.54111e+10 4.59997e+10 4.22985e+09
threshold=0 1 2 3 4 5
decision_type=1 1 1 1 1 1
left_child=1 -1 3 -2 -4 -3
right_child=2 5 4 -5 -6 -7
leaf_value=-3243.4439934404259 8764.8568486315235 1370.7327883749747 -5699.3878823334135 -2011.5348457425882 657.38013924585709 -280.52639329666772
leaf_weight=192 100 193 122 174 1237 809
leaf_count=192 100 193 122 174 1237 809
internal_value=0 -503.877 402.584 2091.59 49.2576 47.9323
internal_weight=0 1194 1633 274 1359 1002
internal_count=2827 1194 1633 274 1359 1002
cat_boundaries=0 1 2 3 4 5 6
cat_threshold=279127 1026 18 68864 256 136
is_linear=0
shrinkage=0.323813


Tree=98
num_leaves=8
num_cat=0
split_feature=0 0 3 0 3 3 3
split_gain=1.46309e+11 2.64945e+10 3.70818e+10 2.03808e+10 3.09254e+10 6.03717e+09 4.33917e+09
threshold=0.99500000000000011 1.5650000000000002 2016.5000000000002 0.79500000000000015 2015.5000000000002 2015.5000000000002 2016.5000000000002
decision_type=2 2 2 2 2 2 2
left_child=3 2 -2 5 -5 -1 -3
right_child=1 6 -4 4 -6 -7 -8
leaf_value=5139.2521819041658 -2102.0596516464634 -6325.9145078577685 1331.2333906887723 5139.2521819041658 1331.2333906887723 6736.919001639887 -3588.6151736465126
leaf_weight=137 1090 80 473 182 365 248 252
leaf_count=137 1090 80 473 182 365 248 252
internal_value=0 -1621.1 -1063.07 3334.32 2063.93 5139.25 -4248.21
internal_weight=0 1895 1563 932 547 385 332
internal_count=2827 1895 1563 932 547 385 332
is_linear=0
shrinkage=0.323813


Tree=99
num_leaves=7
num_cat=3
split_feature=1 1 3 1 3 3
split_gain=2.07697e+10 1.02034e+10 4.46619e+09 3.40039e+09 2.93554e+09 1.52263e+07
threshold=0 1 2015.5000000000002 2 2016.5000000000002 2016.5000000000002
decision_type=1 1 2 1 2 2
left_child=2 4 -1 -3 -2 -4
right_child=1 3 5 -5 -6 -7
leaf_value=-4313.1887402848733 1457.9813158395143 625.72222342143255 -1548.5745582039417 -188.3601949348531 3580.8224787058584 -1728.6538812603387
leaf_weight=98 199 891 99 1329 104 98
leaf_count=98 199 891 99 1329 104 98
internal_value=0 384.566 -2443.97 139.714 2116.75 -1638.16
internal_weight=0 2523 295 2220 303 197
internal_count=2818 2523 295 2220 303 197
cat_boundaries=0 1 2 3
cat_threshold=2064 258 42117
is_linear=0
shrinkage=0.323813


end of trees

feature_importances:
region=196
month=149
year=133
year-month=114
price=69

parameters:
[boosting: gbdt]
[objective: regression]
[metric: mape]
[tree_learner: serial]
[device_type: cpu]
[data: ]
[valid: ]
[num_iterations: 100]
[learning_rate: 0.323813]
[num_leaves: 8]
[num_threads: 0]
[deterministic: 1]
[force_col_wise: 0]
[force_row_wise: 0]
[histogram_pool_size: -1]
[max_depth: 3]
[min_data_in_leaf: 20]
[min_sum_hessian_in_leaf: 0.001]
[bagging_fraction: 0.942952]
[pos_bagging_fraction: 1]
[neg_bagging_fraction: 1]
[bagging_freq: 3]
[bagging_seed: 3]
[feature_fraction: 0.403491]
[feature_fraction_bynode: 1]
[feature_fraction_seed: 2]
[extra_trees: 0]
[extra_seed: 3265]
[early_stopping_round: 0]
[first_metric_only: 1]
[max_delta_step: 0]
[lambda_l1: 0.475724]
[lambda_l2: 1.01323e-06]
[linear_lambda: 0]
[min_gain_to_split: 0]
[drop_rate: 0.1]
[max_drop: 50]
[skip_drop: 0.5]
[xgboost_dart_mode: 0]
[uniform_drop: 0]
[drop_seed: 23075]
[top_rate: 0.2]
[other_rate: 0.1]
[min_data_per_group: 100]
[max_cat_threshold: 32]
[cat_l2: 10]
[cat_smooth: 10]
[max_cat_to_onehot: 4]
[top_k: 20]
[monotone_constraints: -1,0,0,0,0]
[monotone_constraints_method: advanced]
[monotone_penalty: 0]
[feature_contri: ]
[forcedsplits_filename: ]
[refit_decay_rate: 0.9]
[cegb_tradeoff: 1]
[cegb_penalty_split: 0]
[cegb_penalty_feature_lazy: ]
[cegb_penalty_feature_coupled: ]
[path_smooth: 0]
[interaction_constraints: ]
[verbosity: -1]
[saved_feature_importance_type: 0]
[linear_tree: 0]
[max_bin: 53]
[max_bin_by_feature: ]
[min_data_in_bin: 3]
[bin_construct_sample_cnt: 200000]
[data_random_seed: 440]
[is_enable_sparse: 1]
[enable_bundle: 1]
[use_missing: 1]
[zero_as_missing: 0]
[feature_pre_filter: 1]
[pre_partition: 0]
[two_round: 0]
[header: 0]
[label_column: ]
[weight_column: ]
[group_column: ]
[ignore_column: ]
[categorical_feature: 1,4]
[forcedbins_filename: ]
[precise_float_parser: 0]
[objective_seed: 32363]
[num_class: 1]
[is_unbalance: 0]
[scale_pos_weight: 1]
[sigmoid: 1]
[boost_from_average: 1]
[reg_sqrt: 0]
[alpha: 0.9]
[fair_c: 1]
[poisson_max_delta_step: 0.7]
[tweedie_variance_power: 1.5]
[lambdarank_truncation_level: 30]
[lambdarank_norm: 1]
[label_gain: ]
[eval_at: ]
[multi_error_top_k: 1]
[auc_mu_weights: ]
[num_machines: 1]
[local_listen_port: 12400]
[time_out: 120]
[machine_list_filename: ]
[machines: ]
[gpu_platform_id: -1]
[gpu_device_id: -1]
[gpu_use_dp: 0]
[num_gpu: 1]

end of parameters

pandas_categorical:[["Atlanta", "BaltimoreWashington", "Boston", "Chicago", "DallasFtWorth", "Denver", "Houston", "MiamiFtLauderdale", "NewYork", "NorthernNewEngland", "Philadelphia", "PhoenixTucson", "Portland", "Sacramento", "SanDiego", "SanFrancisco", "Seattle", "Tampa", "WestTexNewMexico"], [1, 2, 3, 4, 5, 6, 7, 8, 9, 10, 11, 12]]
