    1896    2195   4.532  70.240      66
    1897    2319   4.503  71.574      66
    1898    2243   4.965  72.943      67
    1899    2327   4.919  74.345      75
    1900    2486   5.320  76.258      82
    1901    2657   5.050  77.351      80
    1902    2874   4.455  78.956      84
    1903    2856   4.638  80.564      84
    1904    3099   4.772  82.311      84
    1905    2948   5.256  83.631      86
    1906    3208   4.515  84.310      91
    1907    3353   4.649  86.529      96
    1908    3568   4.957  87.882      91
    1909    3649   4.765  89.218      94
    1910    3752   4.972  91.961      97
    1911    3754   5.345  94.798      95
    1912    3925   5.041  96.556      99
    1913    4192   4.278  98.173     100
    1914    4212   4.683  99.929      98
